0.00E+00	0.0000E+00
2.00E-05	6.0000E-01
4.00E-05	1.0981E+00
6.00E-05	1.0864E+00
8.00E-05	1.0746E+00
1.00E-04	1.0626E+00
1.20E-04	1.0503E+00
1.40E-04	1.0380E+00
1.60E-04	1.0255E+00
1.80E-04	1.0129E+00
2.00E-04	1.0002E+00
2.20E-04	9.8737E-01
2.40E-04	9.7452E-01
2.60E-04	9.6162E-01
2.80E-04	9.4869E-01
3.00E-04	9.3573E-01
3.20E-04	9.2276E-01
3.40E-04	9.0979E-01
3.60E-04	8.9684E-01
3.80E-04	8.8390E-01
4.00E-04	8.7100E-01
4.20E-04	8.5814E-01
4.40E-04	8.4533E-01
4.60E-04	8.3258E-01
4.80E-04	8.1989E-01
5.00E-04	8.0727E-01
5.20E-04	7.9473E-01
5.40E-04	7.8227E-01
5.60E-04	7.6990E-01
5.80E-04	7.5763E-01
6.00E-04	7.4545E-01
6.20E-04	7.3338E-01
6.40E-04	7.2142E-01
6.60E-04	7.0957E-01
6.80E-04	6.9783E-01
7.00E-04	6.8621E-01
7.20E-04	6.7471E-01
7.40E-04	6.6334E-01
7.60E-04	6.5208E-01
7.80E-04	6.4096E-01
8.00E-04	6.2996E-01
8.20E-04	6.1910E-01
8.40E-04	6.0837E-01
8.60E-04	5.9777E-01
8.80E-04	5.8730E-01
9.00E-04	5.7697E-01
9.20E-04	5.6678E-01
9.40E-04	5.5672E-01
9.60E-04	5.4679E-01
9.80E-04	5.3701E-01
1.00E-03	5.2736E-01
1.02E-03	5.1785E-01
1.04E-03	5.0847E-01
1.06E-03	4.9923E-01
1.08E-03	4.9012E-01
1.10E-03	4.8115E-01
1.12E-03	4.7232E-01
1.14E-03	4.6362E-01
1.16E-03	4.5505E-01
1.18E-03	4.4662E-01
1.20E-03	4.3832E-01
1.22E-03	4.3014E-01
1.24E-03	4.2210E-01
1.26E-03	4.1419E-01
1.28E-03	4.0640E-01
1.30E-03	3.9875E-01
1.32E-03	3.9121E-01
1.34E-03	3.8380E-01
1.36E-03	3.7652E-01
1.38E-03	3.6936E-01
1.40E-03	3.6231E-01
1.42E-03	3.5539E-01
1.44E-03	3.4858E-01
1.46E-03	3.4189E-01
1.48E-03	3.3532E-01
1.50E-03	3.2886E-01
1.52E-03	3.2251E-01
1.54E-03	3.1628E-01
1.56E-03	3.1015E-01
1.58E-03	3.0413E-01
1.60E-03	2.9822E-01
1.62E-03	2.9241E-01
1.64E-03	2.8671E-01
1.66E-03	2.8111E-01
1.68E-03	2.7561E-01
1.70E-03	2.7021E-01
1.72E-03	2.6491E-01
1.74E-03	2.5971E-01
1.76E-03	2.5460E-01
1.78E-03	2.4958E-01
1.80E-03	2.4466E-01
1.82E-03	2.3982E-01
1.84E-03	2.3508E-01
1.86E-03	2.3043E-01
1.88E-03	2.2586E-01
1.90E-03	2.2138E-01
1.92E-03	2.1698E-01
1.94E-03	2.1266E-01
1.96E-03	2.0843E-01
1.98E-03	2.0427E-01
2.00E-03	2.0020E-01
