0.000	1.509
0.162	10.567
0.323	25.663
0.403	34.720
0.808	44.535
0.889	52.838
0.971	44.537
0.972	31.707
0.973	21.141
0.894	3.782
0.245	-12.073
-0.240	-31.701
-0.645	-46.044
-0.888	-52.839
-1.213	-58.125
-1.133	-43.784
-0.484	-31.703
-0.161	-15.851
0.081	3.774
0.404	20.381
0.565	34.722
0.808	49.064
1.212	73.218
1.617	87.562
1.860	95.111
2.184	101.152
2.185	93.605
2.268	77.002
2.189	61.152
2.108	50.585
1.947	39.263
1.786	25.677
1.625	12.090
1.057	0.010
0.733	-9.050
0.409	-18.110
-0.159	-35.473
-0.564	-48.307
-1.537	-70.203
-2.024	-77.755
-2.511	-87.571
-2.754	-95.120
-2.837	-77.763
-2.351	-59.645
-1.702	-49.828
-1.297	-33.220
-0.811	-19.631
-0.486	-11.326
-0.243	-4.531
-0.001	8.301
0.485	28.683
1.215	42.275
1.701	57.374
2.024	74.735
2.509	102.664
2.915	113.234
3.158	117.765
3.482	127.579
4.051	129.849
3.889	120.036
3.731	81.544
3.326	66.446
3.165	51.350
2.760	38.516
2.436	27.192
1.788	9.073
1.058	-9.802
0.491	-26.411
-0.807	-56.612
-1.537	-70.958
-3.240	-107.200
-3.564	-116.260
-3.889	-120.791
-3.970	-123.056
-4.134	-113.246
-3.810	-99.659
-3.649	-86.072
-3.163	-67.954
-2.596	-47.572
-2.110	-36.247
-1.542	-24.166
-0.974	-11.330
-0.487	-2.269
-0.082	10.565
0.566	27.175
0.809	40.007
1.458	53.598
2.107	64.925
2.512	77.759
3.080	91.349
3.241	102.671
3.564	117.769
3.889	126.828
4.213	134.378
4.863	142.686
5.512	147.221
5.514	134.391
5.597	119.297
5.598	109.486
5.112	91.368
4.870	75.517
4.546	67.212
4.140	59.661
3.329	45.314
2.762	24.931
1.869	8.319
1.383	-6.780
0.734	-20.371
-2.269	-63.418
-2.672	-96.629
-3.402	-117.013
-3.888	-127.584
-4.619	-134.383
-5.188	-141.181
-5.431	-144.957
-5.595	-132.883
-5.434	-114.768
-5.030	-98.915
-4.382	-77.022
-3.652	-61.921
-2.516	-42.288
-1.705	-24.167
-1.381	-13.598
-0.813	-1.517
-0.489	7.542
0.241	25.662
1.133	46.803
2.432	69.456
3.162	84.557
3.972	104.188
4.539	123.815
5.026	135.895
5.269	139.671
5.350	143.446
5.596	129.108
5.679	113.260
5.681	97.411
5.276	82.313
5.033	74.009
4.465	61.928
4.059	52.113
3.411	35.503
2.680	25.685
2.031	16.622
1.382	3.786
1.221	-8.291
0.653	-23.390
-0.970	-48.311
-1.782	-60.394
-2.675	-72.478
-3.242	-89.087
-3.729	-101.167
-4.215	-112.492
-4.540	-120.043
-4.864	-127.593
-5.189	-132.879
-5.595	-138.166
-5.597	-119.298
-4.948	-101.179
-4.463	-77.023
-3.652	-60.412
-2.922	-43.801
-2.110	-33.228
-1.462	-15.108
-0.894	-1.518
-0.245	11.318
0.647	33.213
1.620	54.354
2.594	70.212
4.135	103.434
4.540	116.268
4.864	126.837
5.107	135.896
5.513	141.938
5.515	121.561
5.680	98.921
5.357	82.314
5.114	70.991
4.547	58.155
3.573	43.807
3.005	30.217
2.356	17.380
1.463	4.542
1.059	-14.330
0.005	-40.755
-1.051	-53.595
-2.025	-67.944
-2.593	-77.760
-3.161	-88.332
-3.891	-98.905
-4.134	-108.718
-4.783	-124.573
-5.270	-131.370
-5.676	-136.657
-5.840	-123.074
-5.436	-102.693
-4.706	-85.327
-2.679	-37.761
-1.867	-23.414
-1.462	-12.090
-0.975	-3.028
-0.732	6.785
0.404	26.418
1.052	44.538
2.188	67.190
3.081	82.292
3.972	104.942
4.459	115.513
4.864	129.102
5.269	144.200
5.837	153.262
6.487	159.305
6.974	163.838
6.975	154.782
7.139	141.198
7.141	125.349
6.817	113.271
6.331	99.682
6.007	89.112
5.439	74.768
5.034	66.462
4.628	55.892
3.898	42.300
2.924	26.442
2.357	11.343
1.627	-3.759
0.247	-23.394
-0.889	-46.046
-1.620	-56.619
-2.431	-70.212
-3.405	-86.070
-3.973	-100.415
-4.702	-120.799
-5.188	-136.652
-5.675	-144.204
-6.000	-151.000
-6.568	-154.779
-7.138	-144.973
-7.140	-129.124
-6.086	-103.454
-5.032	-78.538
-3.977	-62.679
-3.328	-46.069
-1.787	-14.357
-1.219	0.743
-0.327	19.619
0.402	40.758
2.594	73.986
3.892	94.376
4.541	112.495
5.515	125.334
6.164	138.170
6.407	142.701
6.569	146.476
7.138	155.538
7.221	135.161
6.899	108.743
6.412	95.154
5.683	78.543
4.953	59.669
4.304	44.568
3.574	31.731
2.600	16.628
1.789	-3.002
0.084	-27.169
-1.133	-43.030
-2.594	-70.968
-3.243	-85.314
-4.054	-101.170
-4.784	-110.988
-5.677	-125.336
-6.001	-135.151
-6.651	-144.213
-7.138	-149.501
-7.140	-133.652
-6.735	-114.780
-5.924	-95.905
-4.788	-75.517
-3.734	-54.375
-2.841	-39.272
-1.949	-15.868
-1.382	-3.787
-0.976	4.519
0.566	30.193
1.945	56.621
2.999	83.046
4.135	102.680
5.109	119.293
6.164	135.151
6.488	144.211
6.975	153.272
6.977	138.178
6.573	115.533
6.412	97.418
5.764	75.525
4.790	60.422
4.060	45.321
3.250	24.181
2.194	9.077
1.627	-7.532
0.897	-22.633
-0.483	-41.514
-1.458	-51.335
-2.838	-69.461
-4.461	-94.382
-5.028	-111.745
-5.596	-122.317
-5.921	-130.622
-6.570	-138.175
-7.057	-145.727
-7.382	-147.994
-7.302	-135.918
-7.060	-120.066
-6.168	-101.945
-5.194	-80.049
-4.058	-60.416
-3.085	-40.784
-1.949	-22.660
-1.381	-6.806
-0.083	13.584
0.728	35.478
1.783	52.846
2.432	66.437
3.487	81.542
4.055	94.377
4.704	109.477
5.109	118.538
5.677	129.109
6.244	144.964
6.975	154.782
7.381	163.087
7.787	168.374
8.599	173.665
8.600	163.854
8.602	149.514
8.685	134.421
8.117	122.340
7.874	111.017
7.063	95.915
5.926	79.300
4.465	56.645
3.573	38.524
3.087	22.670
2.032	5.302
1.545	0.014
0.083	-18.113
-1.296	-43.031
-2.270	-58.889
-4.542	-97.401
-5.110	-111.746
-5.921	-130.622
-6.570	-141.194
-6.976	-147.990
-7.950	-160.829
-8.518	-164.608
-8.764	-148.762
-8.603	-133.666
-7.468	-108.750
-6.332	-85.343
-5.521	-65.713
-4.222	-47.587
-3.330	-30.975
-1.950	-10.585
-1.220	4.516
0.403	33.966
1.783	54.356
3.244	74.747
4.055	89.094
4.705	98.157
5.598	111.750
6.003	122.320
6.409	125.343
6.977	139.687
7.951	154.036
8.356	162.342
8.600	163.854
8.682	154.043
8.522	138.947
7.873	121.583
7.305	107.238
6.575	92.891
5.845	76.281
5.197	61.935
4.548	46.835
3.655	32.487
3.087	19.651
2.357	8.324
0.165	-24.904
-1.214	-46.049
-2.270	-60.399
-3.081	-77.765
-3.811	-89.847
-4.623	-101.176
-5.191	-108.728
-6.328	-123.833
-7.302	-137.427
-7.870	-145.734
-8.276	-155.549
-8.844	-159.328
-8.928	-141.216
-8.117	-119.322
-6.981	-97.424
-5.845	-75.527
-4.709	-61.177
-3.979	-46.075
-2.842	-30.216
-1.787	-12.093
-0.895	6.029
0.567	24.911
1.702	52.846
3.001	70.216
3.893	83.810
5.111	101.934
5.841	114.771
6.328	128.361
7.545	142.712
8.033	149.509
8.925	162.347
8.927	147.253
8.198	126.869
7.630	109.505
6.657	92.137
5.845	76.281
4.466	49.853
3.249	31.728
2.600	15.118
0.977	-7.538
-0.078	-30.190
-1.295	-52.088
-2.432	-66.438
-3.812	-83.055
-5.029	-105.708
-6.247	-123.078
-7.140	-131.388
-7.788	-148.752
-8.194	-154.039
-8.600	-159.326
-8.845	-148.008
-8.766	-132.158
-7.873	-116.301
-7.062	-96.670
-6.088	-83.076
-5.115	-66.463
-3.978	-48.340
-3.005	-29.463
-1.950	-12.849
-1.301	-0.013
-0.652	12.069
1.134	38.501
2.108	55.114
3.732	75.506
5.599	101.184
6.653	129.873
8.114	151.019
8.925	163.102
9.412	171.408
10.306	175.945
10.470	164.626
10.715	154.062
10.310	142.738
9.661	126.128
8.769	104.988
7.958	86.867
6.902	75.536
5.847	60.432
5.117	45.331
4.387	34.003
3.494	19.655
2.438	9.079
1.139	-9.046
-0.077	-35.473
-1.458	-52.089
-2.513	-61.911
-3.893	-80.791
-4.867	-96.650
-5.679	-112.506
-6.652	-129.874
-7.707	-146.488
-8.763	-160.082
-9.738	-164.620
-10.551	-167.646
-10.552	-154.816
-10.148	-133.680
-9.418	-115.560
-8.526	-96.684
-7.308	-78.560
-6.253	-64.965
-5.279	-45.333
-4.306	-30.230
-3.331	-19.654
-2.438	-6.061
-1.627	9.796
-0.734	26.408
0.484	36.985
2.189	58.888
3.325	73.238
4.949	95.895
6.573	114.023
7.710	128.374
8.603	140.457
9.495	154.051
10.307	166.134
10.715	152.553
10.391	138.965
9.743	123.110
9.012	113.292
8.525	102.721
7.876	92.149
6.983	80.820
5.928	62.697
5.036	47.594
3.737	25.695
1.626	5.298
0.733	-13.578
-0.241	-29.436
-1.214	-48.314
-3.245	-66.446
-4.380	-88.343
-5.517	-101.939
-6.573	-115.534
-7.709	-127.620
-8.440	-137.438
-9.171	-147.256
-9.983	-156.320
-10.795	-164.630
-10.716	-142.742
-9.743	-117.828
-8.688	-99.705
-7.714	-82.337
-6.822	-67.234
-5.604	-49.864
-4.630	-36.270
-3.737	-24.941
-2.763	-11.347
-1.951	0.736
-0.896	18.104
-0.004	33.207
1.864	56.621
4.299	88.342
5.192	101.180
6.329	114.021
7.547	125.353
8.603	137.439
9.496	151.032
10.145	162.359
10.632	165.382
10.552	154.061
10.148	136.698
9.012	114.046
8.201	97.435
7.064	83.839
6.253	69.492
4.954	47.593
3.493	27.957
2.276	6.059
0.165	-16.603
-1.783	-46.809
-3.732	-73.998
-5.761	-98.167
-6.573	-112.515
-7.872	-131.395
-8.765	-141.969
-9.739	-154.809
-10.551	-163.873
-10.472	-145.004
-9.662	-118.582
-9.013	-99.708
-7.795	-85.357
-6.172	-61.945
-5.117	-43.067
-3.818	-23.433
-2.763	-6.064
-1.952	5.264
-0.734	21.879
0.565	41.514
2.514	61.155
4.381	84.569
5.680	100.430
6.736	114.780
7.791	129.884
8.440	139.701
9.821	154.809
10.470	165.381
11.363	172.936
11.932	174.451
12.258	169.171
12.259	158.605
12.098	147.283
11.530	134.447
10.881	119.347
9.745	103.487
9.015	89.141
8.122	74.038
7.067	57.425
6.093	43.076
5.363	30.239
4.795	21.177
2.765	-6.767
1.710	-21.116
0.248	-35.470
-2.026	-55.868
-3.975	-80.038
-5.599	-96.657
-6.898	-114.782
-7.872	-129.885
-9.171	-146.501
-10.795	-159.347
-11.608	-164.637
-12.095	-166.906
-12.178	-153.322
-12.099	-132.944
-11.207	-114.823
-9.989	-95.189
-8.528	-75.552
-7.473	-58.184
-6.662	-42.327
-5.444	-26.467
-4.551	-12.119
-3.577	-0.034
-2.522	12.051
-1.223	30.177
0.483	43.023
2.432	69.456
4.462	90.607
6.492	108.740
8.279	123.096
9.172	135.180
10.472	150.286
11.121	158.594
12.096	166.905
11.854	148.790
11.368	129.918
10.476	111.041
9.502	95.183
8.853	79.328
7.635	63.468
6.743	48.365
5.525	30.995
4.551	17.401
3.577	6.826
2.684	-6.013
1.628	-19.608
0.085	-33.962
-3.407	-64.938
-7.629	-116.298
-8.604	-129.138
-9.416	-138.956
-10.715	-148.780
-11.365	-157.088
-12.015	-162.377
-12.098	-145.774
-11.612	-129.166
-10.639	-105.006
-9.341	-80.088
-8.042	-60.453
-6.418	-43.834
-5.363	-25.711
-4.227	-8.342
-2.602	6.767
-0.816	27.916
1.377	47.560
3.488	70.221
5.031	87.594
7.143	110.255
8.604	128.382
9.822	142.733
11.122	154.066
11.771	160.865
12.177	166.151
12.342	148.040
11.693	131.430
10.557	110.287
9.583	93.674
8.609	79.326
7.555	59.693
6.336	46.852
5.525	33.259
4.551	18.156
3.658	9.845
2.684	-8.277
1.791	-18.097
0.735	-29.427
-0.239	-42.267
-2.595	-61.911
-4.382	-77.022
-5.843	-98.923
-7.792	-115.545
-8.685	-128.384
-9.660	-137.449
-10.797	-148.026
-11.446	-156.334
-12.096	-160.114
-12.098	-147.284
-11.775	-126.903
-10.964	-108.028
-9.340	-88.390
-8.041	-66.491
-6.824	-48.366
-5.850	-34.018
-5.038	-19.670
-3.414	-1.542
-2.278	11.299
-0.897	24.897
1.052	45.292
2.270	58.889
4.787	86.837
6.412	103.456
8.036	118.565
9.091	133.670
10.066	145.754
11.365	156.333
12.502	166.155
13.721	169.940
14.615	175.231
15.266	170.709
15.754	166.940
15.674	155.618
15.026	136.744
14.458	123.154
13.484	107.296
12.754	95.969
11.861	80.111
10.563	60.476
9.914	46.131
8.696	32.534
7.884	19.697
7.072	7.613
6.342	-4.469
5.367	-12.780
3.580	-25.627
1.955	-37.718
0.330	-46.035
-4.219	-82.304
-6.168	-98.926
-7.711	-114.790
-8.767	-125.366
-10.147	-141.982
-11.772	-151.809
-13.153	-160.124
-14.697	-163.912
-15.673	-164.676
-15.593	-149.581
-15.514	-132.222
-15.190	-120.898
-14.378	-107.305
-13.405	-88.428
-12.350	-73.324
-11.213	-55.200
-10.077	-40.095
-8.534	-21.968
-7.560	-7.619
-6.098	5.980
-4.961	17.311
-3.174	29.404
-1.793	41.492
-0.330	49.053
1.295	58.125
3.488	72.485
4.950	83.820
6.656	99.685
8.118	111.774
9.337	120.087
10.799	131.422
11.855	140.488
13.073	148.047
13.723	152.581
14.049	152.584
15.755	157.129
15.920	137.508
15.028	116.367
13.729	96.732
12.918	82.385
11.700	64.261
9.509	34.806
8.860	20.460
7.479	7.617
5.611	-10.513
3.580	-24.117
1.548	-29.420
-0.239	-40.002
-2.433	-58.136
-4.463	-74.759
-6.819	-89.876
-8.769	-102.724
-9.987	-116.320
-11.531	-126.901
-12.831	-135.970
-14.374	-145.796
-15.756	-148.828
-16.083	-133.736
-15.110	-111.841
-13.811	-94.470
-12.187	-71.813
-8.128	-19.700
-6.585	-0.817
-5.286	13.535
-2.930	31.670
-0.737	50.558
0.888	59.630
4.300	78.530
5.844	89.866
7.875	102.715
10.962	127.650
13.156	138.991
14.456	148.060
15.512	151.089
15.837	151.846
15.514	132.221
14.541	109.570
13.405	92.956
12.512	76.344
10.807	55.196
9.346	34.805
7.641	15.921
6.423	0.815
4.310	-12.035
2.360	-23.374
0.898	-30.935
-0.727	-42.271
-3.002	-56.632
-5.439	-71.749
-7.226	-87.615
-10.232	-109.530
-12.019	-124.641
-13.562	-136.731
-14.781	-142.781
-15.919	-147.320
-15.514	-128.448
-14.622	-108.062
-13.080	-86.161
-11.863	-64.263
-10.158	-40.851
-8.940	-24.236
-6.991	-3.840
-5.205	12.781
-3.418	28.646
-1.549	43.004
0.076	53.585
1.131	62.652
3.894	75.508
5.681	89.109
7.631	102.713
9.012	111.028
11.044	122.367
12.587	134.457
14.050	143.528
15.756	150.336
16.406	154.116
17.219	155.633
18.682	154.892
19.090	142.066
18.604	125.458
17.305	107.332
16.575	92.986
15.846	75.620
13.978	54.471
13.085	43.142
12.192	31.058
11.299	16.710
10.081	3.114
9.269	-2.932
8.375	-11.242
7.238	-15.026
5.044	-24.858
3.500	-31.665
1.712	-41.493
-1.051	-53.595
-3.245	-62.672
-5.926	-78.546
-8.282	-93.663
-9.663	-106.506
-10.881	-117.838
-13.806	-136.734
-15.675	-147.317
-17.626	-150.355
-19.008	-150.368
-19.578	-139.052
-19.336	-123.956
-18.525	-107.344
-17.145	-86.954
-15.684	-66.563
-14.547	-50.703
-13.005	-31.066
-11.218	-13.691
-9.594	5.192
-8.213	16.526
-6.588	24.088
-4.963	32.405
-3.094	41.480
1.376	57.371
4.301	71.738
6.007	86.094
8.282	101.964
10.638	119.345
12.588	127.665
14.132	133.717
15.513	139.768
16.814	144.309
18.358	145.078
19.253	142.822
19.254	130.747
19.012	114.141
18.201	100.548
16.983	86.952
15.846	71.847
14.791	58.252
13.085	40.123
11.299	21.238
10.081	4.623
7.887	-8.983
5.937	-13.529
3.336	-24.120
1.386	-35.459
-0.971	-44.538
-3.164	-57.388
-5.439	-72.504
-7.227	-80.823
-9.095	-92.916
-10.964	-106.518
-12.345	-117.097
-14.620	-128.440
-16.246	-132.228
-17.952	-136.773
-19.903	-139.810
-19.824	-120.187
-18.526	-98.288
-17.146	-80.162
-15.440	-62.033
-14.142	-42.398
-12.599	-26.534
-10.893	-6.896
-9.838	5.190
-8.051	17.282
-6.588	24.088
-5.207	31.648
-3.175	39.215
0.808	47.554
3.327	59.653
5.277	73.257
6.658	84.590
8.851	97.441
10.639	108.779
12.101	118.604
13.970	128.433
15.920	133.734
17.383	137.521
18.603	139.797
19.497	139.806
18.930	121.687
18.444	104.324
17.226	86.954
15.603	64.297
14.222	49.945
13.248	36.351
11.218	19.728
10.244	4.625
8.049	-5.207
4.880	-16.558
-1.459	-40.769
-4.139	-61.926
-7.470	-84.599
-9.664	-98.204
-11.776	-111.054
-13.564	-120.882
-15.108	-125.425
-16.896	-130.725
-18.034	-133.000
-19.416	-133.768
-19.012	-112.632
-18.038	-95.264
-16.252	-74.870
-14.547	-51.458
-13.411	-34.844
-11.705	-15.960
-10.650	-2.365
-9.025	6.707
-7.563	18.796
-6.182	27.111
-2.931	36.953
-1.062	46.782
2.026	64.924
4.382	77.022
6.088	86.094
9.095	98.953
11.858	111.809
14.458	120.890
16.165	128.453
17.303	131.483
18.847	134.516
20.148	138.302
21.123	140.576
22.017	142.093
22.993	140.593
22.588	130.023
21.858	112.658
21.209	100.577
20.722	86.232
19.667	76.411
18.692	63.572
17.880	56.017
17.149	49.218
16.581	42.420
16.094	33.359
15.282	27.313
14.389	17.494
13.495	6.919
12.521	-2.901
11.058	-11.217
9.595	-16.514
7.320	-23.327
4.881	-27.879
2.850	-36.200
-0.157	-49.058
-3.489	-64.939
-6.414	-79.306
-8.608	-92.911
-10.965	-99.726
-12.427	-108.796
-14.134	-115.605
-15.759	-122.413
-17.222	-126.955
-19.335	-130.748
-20.636	-133.025
-21.693	-134.544
-22.668	-135.308
-22.751	-120.214
-22.346	-105.871
-21.372	-90.013
-20.236	-74.908
-18.855	-58.291
-17.393	-43.938
-16.013	-28.076
-14.876	-15.990
-13.902	-4.660
-13.090	4.404
-12.034	13.471
-8.539	21.051
-6.344	23.336
-4.475	29.391
-0.980	43.009
1.864	55.111
3.977	66.452
6.170	78.548
7.958	83.848
9.421	91.409
11.371	101.993
12.996	109.556
14.378	113.342
15.922	119.395
17.060	123.179
18.442	126.211
19.661	128.486
21.205	133.029
22.831	133.045
22.914	120.970
21.210	87.746
20.317	76.417
19.181	59.803
18.125	48.472
16.825	39.403
15.932	28.074
12.846	-1.389
11.383	-9.704
9.108	-17.273
6.750	-21.069
4.881	-24.105
2.361	-30.921
-0.971	-41.519
-4.385	-49.098
-6.091	-58.171
-8.122	-70.265
-10.072	-81.604
-11.941	-91.433
-14.054	-100.510
-16.411	-111.098
-18.036	-117.906
-19.824	-122.451
-21.693	-126.997
-22.669	-129.270
-23.319	-126.258
-23.077	-109.652
-22.347	-93.041
-21.211	-77.936
-20.074	-64.340
-18.613	-46.213
-16.989	-29.594
-15.445	-15.995
-13.659	2.135
-11.790	17.247
-9.758	22.549
-3.987	30.151
-1.549	39.230
2.190	49.831
4.384	60.418
6.171	71.756
8.284	81.587
9.990	89.905
11.778	95.205
13.404	101.258
14.704	105.798
15.842	109.583
17.549	112.617
19.012	117.160
20.068	120.943
20.962	121.706
22.100	123.981
22.913	124.743
22.346	107.380
20.480	74.155
19.100	56.783
18.288	46.210
17.395	35.635
16.014	22.792
14.146	9.190
12.115	-5.924
10.409	-18.015
7.564	-24.080
2.768	-35.446
-2.190	-44.549
-6.904	-57.424
-8.935	-68.764
-11.292	-80.107
-12.998	-89.179
-15.193	-96.747
-17.062	-105.067
-18.931	-112.631
-20.150	-116.416
-21.694	-120.959
-22.832	-122.479
-23.239	-120.219
-22.915	-107.386
-21.779	-88.507
-20.317	-70.380
-19.181	-53.766
-17.394	-37.145
-15.689	-18.262
-14.877	-8.443
-13.659	0.625
-12.684	11.201
-10.652	19.522
-4.962	26.368
-2.443	33.184
-0.573	39.239
1.215	43.784
2.759	47.573
4.384	57.399
5.847	62.696
7.472	70.258
9.991	80.848
12.511	89.174
14.542	97.495
16.331	101.285
18.607	104.326
21.533	107.372
23.240	109.652
24.541	112.683
25.597	114.958
26.329	114.964
26.411	109.682
26.331	99.870
25.438	89.296
24.544	78.721
23.570	65.127
22.434	51.532
21.540	40.203
20.241	32.643
18.697	19.799
17.235	9.973
15.854	1.659
14.147	-5.905
11.628	-12.721
8.376	-21.053
5.206	-25.612
0.410	-32.449
-2.597	-44.553
-4.547	-52.873
-7.798	-63.470
-11.130	-77.841
-14.543	-89.194
-16.494	-95.250
-18.282	-101.304
-20.151	-108.869
-22.020	-116.434
-23.239	-119.464
-24.539	-123.250
-25.515	-124.769
-26.490	-124.778
-26.329	-113.456
-25.924	-100.622
-25.438	-87.032
-22.433	-55.306
-21.134	-40.954
-19.997	-25.849
-18.047	-11.491
-16.829	1.350
-15.041	8.160
-12.846	8.935
-10.814	12.728
-6.587	15.786
-3.579	19.588
-1.141	27.159
2.922	43.046
5.441	55.900
7.798	66.488
9.830	72.545
11.292	78.596
13.568	83.901
15.600	87.694
17.307	89.974
19.096	93.010
20.721	96.798
22.103	99.830
23.323	99.087
24.136	94.566
26.332	92.323
25.845	77.979
24.790	62.875
23.897	50.791
22.516	40.967
21.135	32.652
19.348	17.541
17.154	7.709
14.228	2.398
10.651	-3.673
9.026	-10.481
6.181	-18.810
4.393	-27.129
0.574	-39.995
-3.246	-50.597
-7.067	-58.935
-9.668	-64.242
-11.781	-71.055
-13.975	-77.113
-16.332	-82.418
-17.389	-87.711
-18.852	-92.253
-20.396	-96.041
-22.346	-102.098
-23.809	-105.885
-24.703	-109.667
-26.411	-103.645
-26.494	-90.816
-25.602	-73.449
-24.058	-59.095
-22.759	-44.743
-21.460	-32.656
-20.241	-23.587
-18.860	-11.499
-17.967	-3.943
-15.854	6.642
-14.310	13.449
-12.603	16.484
-9.189	18.026
0.160	27.926
2.435	38.513
4.792	47.592
6.254	55.153
9.018	61.216
11.050	68.028
12.594	73.326
14.789	76.365
17.715	80.166
19.259	84.709
20.560	86.231
21.698	86.242
22.836	86.252
23.487	81.730
24.951	80.235
26.496	79.494
26.334	71.946
25.684	63.638
24.385	50.795
23.004	40.216
21.785	32.658
19.673	21.317
17.641	12.241
14.066	-7.415
10.490	-14.996
6.751	-22.578
3.499	-28.646
-0.483	-38.495
-3.898	-43.811
-6.498	-50.627
-9.506	-58.203
-12.513	-65.024
-14.708	-65.799
-16.821	-71.857
-19.341	-76.409
-21.536	-82.467
-23.649	-89.280
-25.356	-93.824
-26.575	-95.345
-26.658	-81.761
-26.009	-67.415
-24.384	-53.060
-23.004	-38.708
-21.461	-25.863
-19.511	-13.015
-17.886	-4.697
-16.342	5.128
-14.310	12.695
-12.116	17.244
-8.539	25.579
-6.832	30.124
-4.963	36.179
3.167	37.765
5.442	44.579
9.018	56.688
12.514	63.514
15.034	65.802
17.066	69.594
19.260	73.389
21.292	77.936
22.837	77.951
23.732	74.940
29.668	65.185
29.506	54.617
27.882	43.281
26.419	33.456
24.550	25.137
22.356	19.833
20.324	13.776
13.170	12.199
10.569	3.118
8.537	-5.958
6.668	-13.522
2.198	-27.149
-5.035	-47.595
-10.807	-54.442
-15.034	-56.746
-17.717	-59.790
-19.098	-65.086
-20.887	-68.122
-22.350	-70.400
-23.895	-70.414
-24.465	-63.627
-24.628	-59.855
-29.831	-54.621
-30.239	-44.814
-28.776	-37.253
-25.688	-27.412
-22.030	-24.359
-19.266	-23.578
-16.177	-20.530
-12.843	-20.499
-9.917	-15.943
-6.503	-12.892
-4.471	-6.835
-2.277	6.771
2.030	25.679
5.362	34.767
7.394	43.088
10.401	47.645
12.434	50.683
16.336	50.720
20.482	56.042
23.246	60.596
25.847	61.375
27.636	62.147
29.343	62.918
29.345	45.559
27.151	35.727
24.388	22.871
21.055	19.821
16.909	14.499
13.576	12.958
10.324	8.399
8.212	0.077
6.587	-10.504
4.880	-14.294
3.011	-22.613
0.166	-31.697
-3.248	-38.521
-5.523	-46.090
-9.425	-48.391
-12.352	-48.419
-19.100	-48.482
-20.970	-49.255
-24.466	-50.042
-28.775	-49.328
-30.076	-45.567
-30.565	-39.534
-29.346	-31.975
-27.151	-26.672
-23.331	-20.598
-20.811	-18.310
-18.210	-13.757
-15.852	-10.716
-12.519	-10.684
-9.918	-7.641
-8.129	-4.605
-6.097	-0.813
-3.578	6.758
-0.571	14.334
2.355	27.192
4.143	31.737
7.232	39.313
9.426	41.598
11.784	45.394
13.897	47.678
17.312	49.219
21.458	51.523
23.572	53.807
25.279	56.087
27.067	58.368
28.855	59.139
28.290	26.681
26.014	23.641
23.169	20.595
19.592	18.298
16.746	16.761
13.250	15.974
11.543	15.203
8.942	8.386
7.236	-3.706
4.067	-15.056
2.685	-21.862
-0.078	-27.171
-2.842	-30.970
-6.582	-32.515
-13.248	-36.352
-22.191	-39.455
-24.467	-40.986
-26.174	-43.266
-28.125	-44.039
-29.507	-47.826
-30.808	-46.329
-30.809	-34.253
-28.208	-28.191
-25.281	-27.409
-21.461	-24.354
-13.737	-22.017
-10.892	-18.971
-7.965	-18.189
-6.015	-11.378
-2.764	2.238
0.080	15.849
3.575	24.939
5.525	33.259
8.776	38.573
13.491	46.164
19.182	46.973
21.865	47.753
23.816	51.545
25.767	51.563
26.742	52.327
28.612	52.345
28.207	38.001
24.062	25.132
19.429	15.277
11.137	8.407
8.456	-2.185
6.749	-10.503
-0.078	-27.926
-3.980	-30.981
-8.939	-34.802
-12.353	-39.362
-24.711	-40.988
-27.719	-41.016
-29.426	-39.523
-30.321	-36.513
-28.045	-31.208
-24.062	-24.378
-20.811	-16.800
-16.015	-12.982
-10.324	-6.890
-7.723	-4.602
-5.041	-0.048
-4.228	2.979
