0.000E+00	0.000E+00
7.500E-02	1.442E+01
1.500E-01	2.674E+01
2.250E-01	3.498E+01
3.000E-01	3.979E+01
3.750E-01	4.364E+01
4.500E-01	4.644E+01
5.250E-01	4.912E+01
6.000E-01	5.177E+01
6.750E-01	5.435E+01
7.500E-01	5.690E+01
8.250E-01	5.944E+01
9.000E-01	6.197E+01
9.750E-01	6.449E+01
1.050E+00	6.699E+01
1.125E+00	6.941E+01
1.200E+00	7.171E+01
1.275E+00	7.388E+01
1.350E+00	7.582E+01
1.425E+00	7.777E+01
1.500E+00	7.971E+01
1.575E+00	8.163E+01
1.650E+00	8.354E+01
1.725E+00	8.542E+01
1.800E+00	8.729E+01
1.875E+00	8.911E+01
1.950E+00	9.090E+01
2.025E+00	9.269E+01
2.100E+00	9.440E+01
2.175E+00	9.607E+01
2.250E+00	9.772E+01
2.325E+00	9.929E+01
2.400E+00	1.009E+02
2.475E+00	1.025E+02
2.550E+00	1.040E+02
2.625E+00	1.056E+02
2.700E+00	1.071E+02
2.775E+00	1.086E+02
2.850E+00	1.102E+02
2.925E+00	1.117E+02
3.000E+00	1.131E+02
3.075E+00	1.146E+02
3.150E+00	1.160E+02
3.225E+00	1.173E+02
3.300E+00	1.187E+02
3.375E+00	1.200E+02
3.450E+00	1.213E+02
3.525E+00	1.225E+02
3.600E+00	1.237E+02
3.675E+00	1.249E+02
3.750E+00	1.261E+02
3.825E+00	1.273E+02
3.900E+00	1.284E+02
3.975E+00	1.295E+02
4.050E+00	1.305E+02
4.125E+00	1.316E+02
4.200E+00	1.327E+02
4.275E+00	1.337E+02
4.350E+00	1.347E+02
4.425E+00	1.358E+02
4.500E+00	1.368E+02
4.575E+00	1.378E+02
4.650E+00	1.387E+02
4.725E+00	1.397E+02
4.800E+00	1.406E+02
4.875E+00	1.414E+02
4.950E+00	1.423E+02
5.025E+00	1.432E+02
5.100E+00	1.441E+02
5.175E+00	1.449E+02
5.250E+00	1.457E+02
5.325E+00	1.466E+02
5.400E+00	1.474E+02
5.475E+00	1.482E+02
5.550E+00	1.490E+02
5.625E+00	1.498E+02
5.700E+00	1.506E+02
5.775E+00	1.513E+02
5.850E+00	1.521E+02
5.925E+00	1.528E+02
6.000E+00	1.536E+02
6.075E+00	1.543E+02
6.150E+00	1.550E+02
6.225E+00	1.557E+02
6.300E+00	1.564E+02
6.375E+00	1.571E+02
6.450E+00	1.578E+02
6.525E+00	1.584E+02
6.600E+00	1.591E+02
6.675E+00	1.597E+02
6.750E+00	1.604E+02
6.825E+00	1.610E+02
6.900E+00	1.616E+02
6.975E+00	1.622E+02
7.050E+00	1.628E+02
7.125E+00	1.634E+02
7.200E+00	1.640E+02
7.275E+00	1.645E+02
7.350E+00	1.651E+02
7.425E+00	1.656E+02
7.500E+00	1.662E+02
7.575E+00	1.667E+02
7.650E+00	1.672E+02
7.725E+00	1.677E+02
7.800E+00	1.682E+02
7.875E+00	1.687E+02
7.950E+00	1.692E+02
8.025E+00	1.697E+02
8.100E+00	1.701E+02
8.175E+00	1.706E+02
8.250E+00	1.710E+02
8.325E+00	1.715E+02
8.400E+00	1.719E+02
8.475E+00	1.723E+02
8.550E+00	1.727E+02
8.625E+00	1.731E+02
8.700E+00	1.735E+02
8.775E+00	1.739E+02
8.850E+00	1.742E+02
8.925E+00	1.746E+02
9.000E+00	1.750E+02
9.075E+00	1.753E+02
9.150E+00	1.756E+02
9.225E+00	1.758E+02
9.300E+00	1.761E+02
9.375E+00	1.764E+02
9.450E+00	1.767E+02
9.525E+00	1.769E+02
9.600E+00	1.772E+02
9.675E+00	1.774E+02
9.750E+00	1.776E+02
9.825E+00	1.779E+02
9.900E+00	1.781E+02
9.975E+00	1.783E+02
1.005E+01	1.785E+02
1.013E+01	1.787E+02
1.020E+01	1.789E+02
1.028E+01	1.790E+02
1.035E+01	1.792E+02
1.043E+01	1.794E+02
1.050E+01	1.795E+02
1.058E+01	1.797E+02
1.065E+01	1.798E+02
1.073E+01	1.799E+02
1.080E+01	1.801E+02
1.088E+01	1.802E+02
1.095E+01	1.803E+02
1.103E+01	1.804E+02
1.110E+01	1.805E+02
1.118E+01	1.806E+02
1.125E+01	1.806E+02
1.133E+01	1.807E+02
1.140E+01	1.808E+02
1.148E+01	1.808E+02
1.155E+01	1.809E+02
1.163E+01	1.809E+02
1.170E+01	1.809E+02
1.178E+01	1.810E+02
1.185E+01	1.810E+02
1.193E+01	1.810E+02
1.200E+01	1.810E+02
1.208E+01	1.810E+02
1.215E+01	1.810E+02
1.223E+01	1.809E+02
1.230E+01	1.809E+02
1.238E+01	1.809E+02
1.245E+01	1.808E+02
1.253E+01	1.808E+02
1.260E+01	1.807E+02
1.268E+01	1.806E+02
1.275E+01	1.805E+02
1.283E+01	1.804E+02
1.290E+01	1.803E+02
1.298E+01	1.802E+02
1.305E+01	1.801E+02
1.313E+01	1.800E+02
1.320E+01	1.799E+02
1.328E+01	1.797E+02
1.335E+01	1.796E+02
1.343E+01	1.794E+02
1.350E+01	1.793E+02
1.358E+01	1.791E+02
1.365E+01	1.789E+02
1.373E+01	1.788E+02
1.380E+01	1.786E+02
1.388E+01	1.784E+02
1.395E+01	1.782E+02
1.403E+01	1.780E+02
1.410E+01	1.778E+02
1.418E+01	1.776E+02
1.425E+01	1.773E+02
1.433E+01	1.771E+02
1.440E+01	1.769E+02
1.448E+01	1.766E+02
1.455E+01	1.764E+02
1.463E+01	1.761E+02
1.470E+01	1.759E+02
1.478E+01	1.756E+02
1.485E+01	1.754E+02
1.493E+01	1.751E+02
1.500E+01	1.748E+02
1.508E+01	1.745E+02
1.515E+01	1.743E+02
1.523E+01	1.740E+02
1.530E+01	1.737E+02
1.538E+01	1.734E+02
1.545E+01	1.731E+02
1.553E+01	1.728E+02
1.560E+01	1.725E+02
1.568E+01	1.722E+02
1.575E+01	1.718E+02
1.583E+01	1.715E+02
1.590E+01	1.712E+02
1.598E+01	1.709E+02
1.605E+01	1.706E+02
1.613E+01	1.702E+02
1.620E+01	1.699E+02
1.628E+01	1.696E+02
1.635E+01	1.692E+02
1.643E+01	1.689E+02
1.650E+01	1.686E+02
1.658E+01	1.682E+02
1.665E+01	1.679E+02
1.673E+01	1.676E+02
1.680E+01	1.672E+02
1.688E+01	1.669E+02
1.695E+01	1.665E+02
1.703E+01	1.662E+02
1.710E+01	1.658E+02
1.718E+01	1.655E+02
1.725E+01	1.651E+02
1.733E+01	1.648E+02
1.740E+01	1.644E+02
1.748E+01	1.640E+02
1.755E+01	1.637E+02
1.763E+01	1.633E+02
1.770E+01	1.629E+02
1.778E+01	1.625E+02
1.785E+01	1.622E+02
1.792E+01	1.618E+02
1.800E+01	1.614E+02
1.807E+01	1.610E+02
1.815E+01	1.606E+02
1.822E+01	1.602E+02
1.830E+01	1.598E+02
1.837E+01	1.594E+02
1.845E+01	1.590E+02
1.852E+01	1.586E+02
1.860E+01	1.582E+02
1.867E+01	1.578E+02
1.875E+01	1.574E+02
1.882E+01	1.570E+02
1.890E+01	1.565E+02
1.897E+01	1.561E+02
1.905E+01	1.557E+02
1.912E+01	1.553E+02
1.920E+01	1.549E+02
1.927E+01	1.544E+02
1.935E+01	1.540E+02
1.942E+01	1.536E+02
1.950E+01	1.532E+02
1.957E+01	1.527E+02
1.965E+01	1.523E+02
1.972E+01	1.519E+02
1.980E+01	1.514E+02
1.987E+01	1.510E+02
1.995E+01	1.506E+02
2.002E+01	1.501E+02
2.010E+01	1.497E+02
2.017E+01	1.492E+02
2.025E+01	1.488E+02
2.032E+01	1.483E+02
2.040E+01	1.478E+02
2.047E+01	1.474E+02
2.055E+01	1.469E+02
2.062E+01	1.464E+02
2.070E+01	1.459E+02
2.077E+01	1.454E+02
2.085E+01	1.449E+02
2.092E+01	1.444E+02
2.100E+01	1.439E+02
2.107E+01	1.434E+02
2.115E+01	1.429E+02
2.122E+01	1.424E+02
2.130E+01	1.419E+02
2.137E+01	1.414E+02
2.145E+01	1.408E+02
2.152E+01	1.403E+02
2.160E+01	1.398E+02
2.167E+01	1.392E+02
2.175E+01	1.387E+02
2.182E+01	1.381E+02
2.190E+01	1.375E+02
2.197E+01	1.369E+02
2.205E+01	1.364E+02
2.212E+01	1.358E+02
2.220E+01	1.352E+02
2.227E+01	1.346E+02
2.235E+01	1.340E+02
2.242E+01	1.335E+02
2.250E+01	1.329E+02
2.257E+01	1.323E+02
2.265E+01	1.317E+02
2.272E+01	1.310E+02
2.280E+01	1.304E+02
2.287E+01	1.298E+02
2.295E+01	1.292E+02
2.302E+01	1.286E+02
2.310E+01	1.280E+02
2.317E+01	1.273E+02
2.325E+01	1.267E+02
2.332E+01	1.261E+02
2.340E+01	1.254E+02
2.347E+01	1.248E+02
2.355E+01	1.241E+02
2.362E+01	1.235E+02
2.370E+01	1.228E+02
2.377E+01	1.222E+02
2.385E+01	1.215E+02
2.392E+01	1.209E+02
2.400E+01	1.202E+02
2.407E+01	1.196E+02
2.415E+01	1.189E+02
2.422E+01	1.183E+02
2.430E+01	1.176E+02
2.437E+01	1.169E+02
2.445E+01	1.163E+02
2.452E+01	1.156E+02
2.460E+01	1.150E+02
2.467E+01	1.143E+02
2.475E+01	1.136E+02
2.482E+01	1.130E+02
2.490E+01	1.123E+02
2.497E+01	1.117E+02
2.505E+01	1.110E+02
2.512E+01	1.103E+02
2.520E+01	1.097E+02
2.527E+01	1.090E+02
2.535E+01	1.083E+02
2.542E+01	1.077E+02
2.550E+01	1.070E+02
2.557E+01	1.063E+02
2.565E+01	1.057E+02
2.572E+01	1.050E+02
2.580E+01	1.044E+02
2.587E+01	1.037E+02
2.595E+01	1.030E+02
2.602E+01	1.024E+02
2.610E+01	1.017E+02
2.617E+01	1.011E+02
2.625E+01	1.004E+02
2.632E+01	9.976E+01
2.640E+01	9.910E+01
2.647E+01	9.845E+01
2.655E+01	9.779E+01
2.662E+01	9.714E+01
2.670E+01	9.649E+01
2.677E+01	9.584E+01
2.685E+01	9.519E+01
2.692E+01	9.454E+01
2.700E+01	9.389E+01
2.707E+01	9.325E+01
2.715E+01	9.260E+01
2.722E+01	9.196E+01
2.730E+01	9.131E+01
2.737E+01	9.067E+01
2.745E+01	9.003E+01
2.752E+01	8.939E+01
2.760E+01	8.876E+01
2.767E+01	8.812E+01
2.775E+01	8.749E+01
2.782E+01	8.685E+01
2.790E+01	8.622E+01
2.797E+01	8.559E+01
2.805E+01	8.496E+01
2.812E+01	8.434E+01
2.820E+01	8.371E+01
2.827E+01	8.309E+01
2.835E+01	8.246E+01
2.842E+01	8.184E+01
2.850E+01	8.123E+01
2.857E+01	8.061E+01
2.865E+01	7.999E+01
2.872E+01	7.938E+01
2.880E+01	7.877E+01
2.887E+01	7.816E+01
2.895E+01	7.755E+01
2.902E+01	7.695E+01
2.910E+01	7.635E+01
2.917E+01	7.574E+01
2.925E+01	7.515E+01
2.932E+01	7.455E+01
2.940E+01	7.395E+01
2.947E+01	7.336E+01
2.955E+01	7.277E+01
2.962E+01	7.218E+01
2.970E+01	7.160E+01
2.977E+01	7.101E+01
2.985E+01	7.043E+01
2.992E+01	6.985E+01
3.000E+01	6.928E+01
