0	0	2.63867E-03	3.01768E-03	2.92767E-03	2.84938E-03
0	450	2.36967E-03	2.74390E-03	2.66676E-03	2.58547E-03
0	900	2.23958E-03	2.45718E-03	2.37379E-03	2.29345E-03
300	0	2.01028E-03	2.41620E-03	2.37214E-03	2.31838E-03
300	450	1.74128E-03	2.14242E-03	2.11123E-03	2.05448E-03
300	900	1.61119E-03	1.85570E-03	1.81826E-03	1.76246E-03
600	0	1.56997E-03	2.13083E-03	2.12364E-03	2.09494E-03
600	450	1.30097E-03	1.85706E-03	1.86273E-03	1.83103E-03
600	900	1.17089E-03	1.57033E-03	1.56977E-03	1.53901E-03
600	0	1.29891E-03	1.87117E-03	1.87197E-03	1.87517E-03
600	450	1.75412E-03	2.44639E-03	2.47555E-03	2.42188E-03
600	900	1.25392E-03	1.58546E-03	1.56716E-03	1.51361E-03
900	0	-3.66382E-04	-6.47276E-04	-6.47973E-04	-5.38812E-04
900	450	8.88275E-05	-7.20578E-05	-4.43917E-05	7.89768E-06
900	900	-4.11379E-04	-9.32993E-04	-9.52791E-04	-9.00369E-04
1200	0	-1.35438E-03	-2.21471E-03	-2.25582E-03	-2.01376E-03
1200	450	-8.99167E-04	-1.63949E-03	-1.65224E-03	-1.46705E-03
1200	900	-1.39937E-03	-2.50043E-03	-2.56064E-03	-2.37532E-03
0	900	2.16109E-03	2.81559E-03	2.26081E-03	1.96360E-03
0	1350	1.51035E-03	1.85745E-03	1.15677E-03	1.07386E-03
0	1800	1.08190E-03	1.31981E-03	4.61332E-04	4.03417E-04
300	900	1.43366E-03	2.07876E-03	2.05298E-03	1.49729E-03
300	1350	7.82920E-04	1.12061E-03	9.48941E-04	6.07557E-04
300	1800	3.54469E-04	5.82975E-04	2.53504E-04	-6.28899E-05
600	900	7.35290E-04	1.59539E-03	2.39177E-03	1.53650E-03
600	1350	8.45449E-05	6.37251E-04	1.28773E-03	6.46759E-04
600	1800	-3.43906E-04	9.96114E-05	5.92292E-04	-2.36880E-05
600	900	1.87317E-05	3.29702E-04	1.02779E-03	4.33047E-04
600	1350	2.55361E-04	9.10325E-04	1.39704E-03	6.81071E-04
600	1800	3.01774E-04	1.25199E-03	1.91091E-03	1.06552E-03
900	900	-2.52406E-04	-7.18133E-04	-4.87453E-04	-3.15881E-04
900	1350	-1.57762E-05	-1.37510E-04	-1.18200E-04	-6.78574E-05
900	1800	3.06359E-05	2.04159E-04	3.95671E-04	3.16594E-04
1200	900	-4.58649E-04	-1.70335E-03	-1.89712E-03	-9.38890E-04
1200	1350	-2.22019E-04	-1.12273E-03	-1.52787E-03	-6.90866E-04
1200	1800	-1.75607E-04	-7.81060E-04	-1.01400E-03	-3.06415E-04
