0.00E+00	0.0000E+00
-2.00E-04	-6.0000E+00
-4.00E-04	-1.2000E+01
-6.00E-04	-1.4327E+01
-8.00E-04	-1.5391E+01
-1.00E-03	-1.6337E+01
-1.20E-03	-1.7174E+01
-1.40E-03	-1.7909E+01
-1.60E-03	-1.8548E+01
-1.80E-03	-1.9100E+01
-2.00E-03	-1.9570E+01
-2.20E-03	-1.9963E+01
-2.40E-03	-2.0285E+01
-2.60E-03	-2.0541E+01
-2.80E-03	-2.0736E+01
-3.00E-03	-2.0874E+01
-3.20E-03	-2.0960E+01
-3.40E-03	-2.0998E+01
-3.60E-03	-2.0991E+01
-3.80E-03	-2.0943E+01
-4.00E-03	-2.0857E+01
-4.20E-03	-2.0737E+01
-4.40E-03	-2.0586E+01
-4.60E-03	-2.0407E+01
-4.80E-03	-2.0201E+01
-5.00E-03	-1.9973E+01
-5.20E-03	-1.9724E+01
-5.40E-03	-1.9456E+01
-5.60E-03	-1.9171E+01
-5.80E-03	-1.8872E+01
-6.00E-03	-1.8560E+01
-6.20E-03	-1.8237E+01
-6.40E-03	-1.7905E+01
-6.60E-03	-1.7565E+01
-6.80E-03	-1.7218E+01
-7.00E-03	-1.6866E+01
-7.20E-03	-1.6509E+01
-7.40E-03	-1.6150E+01
-7.60E-03	-1.5789E+01
-7.80E-03	-1.5426E+01
-8.00E-03	-1.5064E+01
-8.20E-03	-1.4702E+01
-8.40E-03	-1.4341E+01
-8.60E-03	-1.3982E+01
-8.80E-03	-1.3626E+01
-9.00E-03	-1.3272E+01
-9.20E-03	-1.2922E+01
-9.40E-03	-1.2577E+01
-9.60E-03	-1.2235E+01
-9.80E-03	-1.1899E+01
-1.00E-02	-1.1567E+01
-1.02E-02	-1.1240E+01
-1.04E-02	-1.0920E+01
-1.06E-02	-1.0604E+01
-1.08E-02	-1.0295E+01
-1.10E-02	-9.9919E+00
-1.12E-02	-9.6948E+00
-1.14E-02	-9.4039E+00
-1.16E-02	-9.1193E+00
-1.18E-02	-8.8411E+00
-1.20E-02	-8.5693E+00
-1.22E-02	-8.3038E+00
-1.24E-02	-8.0448E+00
-1.26E-02	-7.7921E+00
-1.28E-02	-7.5458E+00
-1.30E-02	-7.3058E+00
-1.32E-02	-7.0721E+00
-1.34E-02	-6.8445E+00
-1.36E-02	-6.6231E+00
-1.38E-02	-6.4078E+00
-1.40E-02	-6.1984E+00
-1.42E-02	-5.9949E+00
-1.44E-02	-5.7972E+00
-1.46E-02	-5.6052E+00
-1.48E-02	-5.4188E+00
-1.50E-02	-5.2379E+00
-1.52E-02	-5.0623E+00
-1.54E-02	-4.8920E+00
-1.56E-02	-4.7268E+00
-1.58E-02	-4.5667E+00
-1.60E-02	-4.4116E+00
-1.62E-02	-4.2612E+00
-1.64E-02	-4.1155E+00
-1.66E-02	-3.9744E+00
-1.68E-02	-3.8378E+00
-1.70E-02	-3.7055E+00
-1.72E-02	-3.5775E+00
-1.74E-02	-3.4536E+00
-1.76E-02	-3.3337E+00
-1.78E-02	-3.2177E+00
-1.80E-02	-3.1056E+00
-1.82E-02	-2.9971E+00
-1.84E-02	-2.8922E+00
-1.86E-02	-2.7907E+00
-1.88E-02	-2.6927E+00
-1.90E-02	-2.5980E+00
-1.92E-02	-2.5064E+00
-1.94E-02	-2.4179E+00
-1.96E-02	-2.3324E+00
-1.98E-02	-2.2498E+00
-2.00E-02	-2.1701E+00
