0.00E+00	0.0000E+00
2.00E-05	6.0000E-01
4.00E-05	1.2000E+00
6.00E-05	1.4860E+00
8.00E-05	1.4575E+00
1.00E-04	1.4282E+00
1.20E-04	1.3982E+00
1.40E-04	1.3677E+00
1.60E-04	1.3368E+00
1.80E-04	1.3056E+00
2.00E-04	1.2743E+00
2.20E-04	1.2429E+00
2.40E-04	1.2115E+00
2.60E-04	1.1803E+00
2.80E-04	1.1492E+00
3.00E-04	1.1183E+00
3.20E-04	1.0878E+00
3.40E-04	1.0576E+00
3.60E-04	1.0277E+00
3.80E-04	9.9833E-01
4.00E-04	9.6938E-01
4.20E-04	9.4092E-01
4.40E-04	9.1296E-01
4.60E-04	8.8554E-01
4.80E-04	8.5867E-01
5.00E-04	8.3235E-01
5.20E-04	8.0661E-01
5.40E-04	7.8146E-01
5.60E-04	7.5688E-01
5.80E-04	7.3290E-01
6.00E-04	7.0952E-01
6.20E-04	6.8672E-01
6.40E-04	6.6452E-01
6.60E-04	6.4290E-01
6.80E-04	6.2186E-01
7.00E-04	6.0141E-01
7.20E-04	5.8152E-01
7.40E-04	5.6220E-01
7.60E-04	5.4343E-01
7.80E-04	5.2522E-01
8.00E-04	5.0753E-01
8.20E-04	4.9038E-01
8.40E-04	4.7375E-01
8.60E-04	4.5762E-01
8.80E-04	4.4199E-01
9.00E-04	4.2684E-01
9.20E-04	4.1217E-01
9.40E-04	3.9797E-01
9.60E-04	3.8421E-01
9.80E-04	3.7090E-01
1.00E-03	3.5802E-01
1.02E-03	3.4555E-01
1.04E-03	3.3349E-01
1.06E-03	3.2183E-01
1.08E-03	3.1055E-01
1.10E-03	2.9965E-01
1.12E-03	2.8911E-01
1.14E-03	2.7893E-01
1.16E-03	2.6908E-01
1.18E-03	2.5957E-01
1.20E-03	2.5038E-01
1.22E-03	2.4151E-01
1.24E-03	2.3294E-01
1.26E-03	2.2466E-01
1.28E-03	2.1666E-01
1.30E-03	2.0894E-01
1.32E-03	2.0149E-01
1.34E-03	1.9430E-01
1.36E-03	1.8735E-01
1.38E-03	1.8065E-01
1.40E-03	1.7418E-01
1.42E-03	1.6794E-01
1.44E-03	1.6192E-01
1.46E-03	1.5611E-01
1.48E-03	1.5050E-01
1.50E-03	1.4509E-01
1.52E-03	1.3987E-01
1.54E-03	1.3484E-01
1.56E-03	1.2998E-01
1.58E-03	1.2530E-01
1.60E-03	1.2078E-01
1.62E-03	1.1642E-01
1.64E-03	1.1222E-01
1.66E-03	1.0817E-01
1.68E-03	1.0426E-01
1.70E-03	1.0049E-01
1.72E-03	9.6862E-02
1.74E-03	9.3359E-02
1.76E-03	8.9982E-02
1.78E-03	8.6725E-02
1.80E-03	8.3586E-02
1.82E-03	8.0559E-02
1.84E-03	7.7641E-02
1.86E-03	7.4828E-02
1.88E-03	7.2117E-02
1.90E-03	6.9503E-02
1.92E-03	6.6983E-02
1.94E-03	6.4554E-02
1.96E-03	6.2213E-02
1.98E-03	5.9956E-02
2.00E-03	5.7781E-02
