-1.745E-02	4.309E+00
-4.737E-02	1.488E+01
3.940E-03	3.310E+01
8.944E-02	4.650E+01
2.127E-01	5.988E+01
4.093E-01	7.034E+01
4.542E-01	7.992E+01
5.020E-01	9.334E+01
6.060E-01	8.081E+01
5.953E-01	6.641E+01
4.699E-01	5.015E+01
1.934E-01	3.397E+01
1.037E-01	1.481E+01
9.653E-02	5.215E+00
-2.672E-02	-8.166E+00
-1.550E-01	-2.826E+01
-4.656E-01	-3.963E+01
-4.699E-01	-4.539E+01
-4.756E-01	-5.307E+01
-5.967E-01	-6.357E+01
-6.786E-01	-7.217E+01
-9.095E-01	-7.782E+01
-1.018E+00	-7.201E+01
-7.449E-01	-5.966E+01
-6.964E-01	-4.528E+01
-6.465E-01	-2.899E+01
-6.337E-01	-1.171E+01
-6.266E-01	-2.118E+00
-5.418E-01	1.032E+01
-2.326E-01	1.977E+01
3.813E-02	2.828E+01
7.384E-01	4.906E+00
3.673E-01	6.460E+01
4.977E-01	8.758E+01
5.860E-01	1.048E+02
7.442E-01	1.143E+02
9.031E-01	1.248E+02
1.061E+00	1.343E+02
1.177E+00	1.372E+02
1.747E+00	1.417E+02
1.660E+00	1.264E+02
1.570E+00	1.072E+02
1.407E+00	9.194E+01
1.209E+00	7.956E+01
8.952E-01	6.339E+01
6.601E-01	5.198E+01
6.138E-01	4.048E+01
6.059E-01	2.993E+01
4.442E-01	1.561E+01
1.692E-01	1.340E+00
1.760E-03	-2.066E+01
-4.613E-01	-3.388E+01
-7.684E-01	-4.045E+01
-9.671E-01	-5.379E+01
-1.162E+00	-6.234E+01
-1.171E+00	-7.385E+01
-1.178E+00	-8.345E+01
-1.264E+00	-9.685E+01
-1.269E+00	-1.045E+02
-1.274E+00	-1.103E+02
-1.615E+00	-1.120E+02
-1.868E+00	-9.656E+01
-1.816E+00	-7.834E+01
-1.503E+00	-6.314E+01
-1.344E+00	-5.265E+01
-1.105E+00	-3.645E+01
-9.771E-01	-1.635E+01
-8.132E-01	8.513E-01
-5.767E-01	1.418E+01
-1.129E-01	2.835E+01
2.020E-01	4.548E+01
5.646E-01	7.603E+01
8.425E-01	9.413E+01
1.119E+00	1.103E+02
1.439E+00	1.342E+02
1.479E+00	1.380E+02
1.544E+00	1.226E+02
1.377E+00	1.016E+02
1.100E+00	8.441E+01
8.190E-01	6.247E+01
4.649E-01	4.344E+01
3.844E-01	3.676E+01
1.101E-01	2.345E+01
-4.879E-02	1.296E+01
-2.530E-02	-6.247E+00
-1.144E-01	-2.444E+01
-3.815E-01	-2.815E+01
-6.508E-01	-3.475E+01
-8.845E-01	-4.423E+01
-1.160E+00	-5.946E+01
-1.553E+00	-7.943E+01
-1.598E+00	-8.901E+01
-1.679E+00	-9.665E+01
-1.647E+00	-1.043E+02
-1.652E+00	-1.111E+02
-1.694E+00	-1.168E+02
-1.960E+00	-1.196E+02
-1.947E+00	-1.013E+02
-1.667E+00	-8.130E+01
-1.306E+00	-5.171E+01
-1.137E+00	-2.875E+01
-8.952E-01	-7.749E+00
-5.411E-01	1.128E+01
-1.834E-01	3.511E+01
4.300E-01	4.729E+01
9.757E-01	7.007E+01
1.098E+00	8.249E+01
1.378E+00	1.025E+02
1.619E+00	1.226E+02
1.705E+00	1.369E+02
1.752E+00	1.494E+02
2.142E+00	1.655E+02
2.412E+00	1.731E+02
2.755E+00	1.767E+02
2.554E+00	1.615E+02
2.465E+00	1.433E+02
2.382E+00	1.328E+02
2.022E+00	1.060E+02
1.816E+00	8.311E+01
1.577E+00	6.594E+01
1.493E+00	5.446E+01
1.255E+00	3.922E+01
1.095E+00	2.777E+01
8.638E-01	2.117E+01
5.539E-01	1.075E+01
2.811E-01	-6.339E-01
3.952E-02	-2.068E+01
-6.131E-01	-3.476E+01
-9.607E-01	-4.516E+01
-1.157E+00	-5.562E+01
-1.621E+00	-6.980E+01
-1.863E+00	-9.080E+01
-1.874E+00	-1.052E+02
-1.958E+00	-1.167E+02
-2.076E+00	-1.224E+02
-2.230E+00	-1.271E+02
-2.349E+00	-1.338E+02
-2.504E+00	-1.395E+02
-2.622E+00	-1.461E+02
-2.927E+00	-1.498E+02
-3.231E+00	-1.516E+02
-3.222E+00	-1.401E+02
-3.170E+00	-1.209E+02
-2.854E+00	-1.018E+02
-2.458E+00	-7.708E+01
-2.213E+00	-5.319E+01
-1.783E+00	-3.324E+01
-1.313E+00	-1.139E+01
-4.641E-01	1.316E+01
4.578E+00	1.394E+02
1.022E+00	8.157E+01
1.377E+00	1.016E+02
1.616E+00	1.187E+02
1.851E+00	1.301E+02
2.205E+00	1.482E+02
2.557E+00	1.643E+02
2.906E+00	1.776E+02
3.251E+00	1.842E+02
3.672E+00	1.917E+02
3.818E+00	1.849E+02
3.845E+00	1.704E+02
3.796E+00	1.551E+02
3.557E+00	1.379E+02
3.277E+00	1.170E+02
2.924E+00	9.985E+01
2.648E+00	8.367E+01
2.372E+00	6.844E+01
2.054E+00	4.651E+01
1.590E+00	3.234E+01
1.161E+00	1.430E+01
3.950E-01	2.714E-01
8.900E-03	-1.106E+01
-4.563E-01	-2.716E+01
-1.114E+00	-4.796E+01
-1.466E+00	-6.411E+01
-1.704E+00	-7.936E+01
-2.095E+00	-9.741E+01
-2.448E+00	-1.155E+02
-2.687E+00	-1.317E+02
-2.956E+00	-1.373E+02
-3.228E+00	-1.477E+02
-3.537E+00	-1.572E+02
-3.734E+00	-1.677E+02
-4.112E+00	-1.684E+02
-4.378E+00	-1.702E+02
-4.329E+00	-1.559E+02
-4.003E+00	-1.234E+02
-3.569E+00	-9.862E+01
-3.060E+00	-7.391E+01
-2.666E+00	-5.298E+01
-2.002E+00	-2.354E+01
-1.500E+00	-8.419E+00
-1.154E+00	5.482E-02
-5.389E-01	1.416E+01
-1.058E-01	3.795E+01
7.000E-01	5.484E+01
1.125E+00	6.712E+01
1.707E+00	8.796E+01
2.134E+00	1.041E+02
2.371E+00	1.174E+02
2.878E+00	1.392E+02
3.305E+00	1.553E+02
3.540E+00	1.658E+02
3.850E+00	1.772E+02
3.758E+00	1.551E+02
3.477E+00	1.322E+02
3.161E+00	1.132E+02
2.845E+00	9.509E+01
2.608E+00	8.081E+01
2.408E+00	6.650E+01
2.207E+00	4.932E+01
2.128E+00	4.552E+01
1.663E+00	2.942E+01
1.238E+00	1.619E+01
8.082E-01	-2.807E+00
4.207E-01	-1.606E+01
3.382E-02	-2.835E+01
-6.964E-01	-4.528E+01
-1.422E+00	-5.549E+01
-1.920E+00	-6.486E+01
-2.230E+00	-7.527E+01
-2.584E+00	-9.430E+01
-3.013E+00	-1.123E+02
-3.325E+00	-1.256E+02
-3.559E+00	-1.361E+02
-3.792E+00	-1.446E+02
-4.174E+00	-1.502E+02
-4.445E+00	-1.596E+02
-4.125E+00	-1.348E+02
-3.649E+00	-1.043E+02
-3.331E+00	-8.338E+01
-2.859E+00	-5.768E+01
-2.312E+00	-3.395E+01
-1.771E+00	-1.693E+01
-1.114E+00	2.916E+00
-3.067E-01	2.173E+01
3.473E-01	3.773E+01
8.118E-01	5.287E+01
1.506E+00	7.270E+01
2.055E+00	9.931E+01
2.795E+00	1.297E+02
3.072E+00	1.459E+02
3.458E+00	1.572E+02
3.657E+00	1.705E+02
3.929E+00	1.810E+02
3.762E+00	1.599E+02
-6.537E-01	-3.858E+01
3.160E+00	1.122E+02
2.844E+00	9.413E+01
2.604E+00	7.505E+01
2.212E+00	5.700E+01
2.012E+00	4.173E+01
1.431E+00	2.185E+01
1.043E+00	7.640E+00
6.109E-01	-1.423E+01
1.841E-01	-2.939E+01
-9.251E-01	-4.805E+01
-1.573E+00	-5.542E+01
-2.037E+00	-7.056E+01
-2.427E+00	-8.669E+01
-2.776E+00	-9.900E+01
-3.317E+00	-1.151E+02
-3.592E+00	-1.293E+02
-3.868E+00	-1.455E+02
-4.213E+00	-1.521E+02
-4.445E+00	-1.587E+02
-4.084E+00	-1.310E+02
-3.726E+00	-1.062E+02
-3.444E+00	-8.332E+01
-2.936E+00	-5.957E+01
-2.237E+00	-3.494E+01
-1.809E+00	-1.787E+01
-8.118E-01	2.771E+00
1.956E-01	3.685E+01
1.316E+00	6.991E+01
2.321E+00	1.021E+02
2.600E+00	1.211E+02
2.952E+00	1.373E+02
3.457E+00	1.562E+02
3.809E+00	1.724E+02
4.043E+00	1.828E+02
4.311E+00	1.865E+02
4.541E+00	1.912E+02
4.955E+00	1.891E+02
4.870E+00	1.767E+02
4.747E+00	1.643E+02
4.512E+00	1.528E+02
4.430E+00	1.433E+02
4.385E+00	1.337E+02
4.228E+00	1.261E+02
4.143E+00	1.137E+02
3.835E+00	1.061E+02
3.595E+00	8.801E+01
3.432E+00	7.177E+01
3.155E+00	5.462E+01
2.615E+00	3.952E+01
2.303E+00	2.623E+01
1.880E+00	1.588E+01
1.379E+00	2.679E+00
6.501E-01	-1.233E+01
-3.480E-01	-3.393E+01
-1.380E+00	-4.975E+01
-1.843E+00	-6.297E+01
-2.231E+00	-7.719E+01
-2.581E+00	-9.046E+01
-3.125E+00	-1.113E+02
-3.555E+00	-1.313E+02
-3.755E+00	-1.456E+02
-4.100E+00	-1.531E+02
-4.408E+00	-1.606E+02
-4.676E+00	-1.653E+02
-5.019E+00	-1.699E+02
-5.437E+00	-1.726E+02
-5.552E+00	-1.745E+02
-5.502E+00	-1.582E+02
-5.215E+00	-1.286E+02
-4.506E+00	-8.857E+01
-3.921E+00	-6.389E+01
-3.339E+00	-4.305E+01
-2.872E+00	-2.504E+01
-2.407E+00	-8.943E+00
-1.717E+00	5.125E+00
-8.723E-01	2.296E+01
4.669E-02	3.980E+01
5.867E-01	5.490E+01
1.010E+00	6.525E+01
2.131E+00	9.927E+01
2.593E+00	1.115E+02
2.827E+00	1.220E+02
3.324E+00	1.294E+02
3.673E+00	1.417E+02
3.984E+00	1.541E+02
4.140E+00	1.607E+02
4.486E+00	1.682E+02
4.679E+00	1.739E+02
4.867E+00	1.728E+02
4.937E+00	1.651E+02
4.700E+00	1.518E+02
4.527E+00	1.221E+02
4.329E+00	1.097E+02
4.017E+00	9.645E+01
3.934E+00	8.593E+01
3.622E+00	7.360E+01
3.347E+00	5.933E+01
2.998E+00	4.702E+01
2.610E+00	3.281E+01
2.222E+00	1.859E+01
1.798E+00	7.278E+00
1.184E+00	-5.867E+00
4.157E-01	-2.278E+01
-8.845E-01	-4.423E+01
-2.227E+00	-7.143E+01
-2.765E+00	-8.461E+01
-3.112E+00	-9.404E+01
-3.958E+00	-1.138E+02
-4.423E+00	-1.299E+02
-4.774E+00	-1.441E+02
-5.158E+00	-1.526E+02
-5.542E+00	-1.610E+02
-5.772E+00	-1.667E+02
-5.718E+00	-1.446E+02
-5.205E+00	-1.151E+02
-4.734E+00	-9.134E+01
-4.187E+00	-6.665E+01
-3.643E+00	-4.579E+01
-3.177E+00	-2.873E+01
-2.099E+00	-1.411E+00
-1.256E+00	1.546E+01
-5.261E-01	3.143E+01
3.580E-01	5.213E+01
1.775E+00	7.833E+01
2.393E+00	9.723E+01
2.817E+00	1.076E+02
3.281E+00	1.227E+02
3.441E+00	1.351E+02
3.710E+00	1.408E+02
4.132E+00	1.492E+02
4.633E+00	1.634E+02
4.855E+00	1.565E+02
4.807E+00	1.431E+02
4.648E+00	1.326E+02
4.327E+00	1.069E+02
4.049E+00	8.875E+01
3.657E+00	6.878E+01
3.267E+00	5.265E+01
2.764E+00	3.657E+01
2.338E+00	2.238E+01
1.876E+00	1.108E+01
1.032E+00	-6.754E+00
1.884E-01	-2.363E+01
-4.984E-01	-3.290E+01
-9.636E-01	-4.899E+01
-1.886E+00	-7.063E+01
-2.463E+00	-8.379E+01
-3.457E+00	-1.006E+02
-4.073E+00	-1.157E+02
-4.615E+00	-1.346E+02
-5.080E+00	-1.497E+02
-5.539E+00	-1.572E+02
-5.844E+00	-1.609E+02
-5.557E+00	-1.303E+02
-4.816E+00	-9.898E+01
-4.268E+00	-7.429E+01
-3.684E+00	-5.057E+01
-3.027E+00	-2.977E+01
-2.334E+00	-1.186E+01
-1.564E+00	6.972E+00
-8.738E-01	2.104E+01
-1.450E-01	3.605E+01
1.276E+00	6.705E+01
2.046E+00	8.684E+01
2.819E+00	1.105E+02
3.320E+00	1.237E+02
3.591E+00	1.331E+02
3.937E+00	1.406E+02
4.628E+00	1.557E+02
5.052E+00	1.670E+02
5.282E+00	1.726E+02
5.701E+00	1.772E+02
5.854E+00	1.800E+02
6.156E+00	1.799E+02
6.306E+00	1.779E+02
6.186E+00	1.684E+02
5.949E+00	1.550E+02
5.827E+00	1.436E+02
5.547E+00	1.226E+02
5.191E+00	1.007E+02
-2.418E+00	-7.422E+01
4.444E+00	6.073E+01
4.018E+00	4.653E+01
3.746E+00	3.706E+01
3.322E+00	2.479E+01
2.708E+00	1.260E+01
1.827E+00	-4.256E+00
1.100E+00	-1.639E+01
2.219E-01	-2.940E+01
-1.647E+00	-5.347E+01
-2.191E+00	-7.432E+01
-2.963E+00	-9.603E+01
-3.920E+00	-1.138E+02
-4.580E+00	-1.375E+02
-5.079E+00	-1.478E+02
-5.768E+00	-1.609E+02
-6.226E+00	-1.665E+02
-6.642E+00	-1.682E+02
-6.982E+00	-1.680E+02
-6.855E+00	-1.489E+02
-6.499E+00	-1.279E+02
-6.066E+00	-1.041E+02
-5.479E+00	-7.659E+01
-5.088E+00	-5.853E+01
-4.504E+00	-3.578E+01
-3.771E+00	-1.501E+01
-2.892E+00	-1.031E+00
-2.050E+00	1.392E+01
-1.288E+00	2.316E+01
-3.694E-01	3.904E+01
5.896E-01	5.874E+01
1.851E+00	7.829E+01
2.507E+00	9.717E+01
3.272E+00	1.102E+02
3.850E+00	1.253E+02
5.153E+00	1.516E+02
5.614E+00	1.619E+02
6.072E+00	1.675E+02
6.258E+00	1.635E+02
6.248E+00	1.511E+02
6.050E+00	1.377E+02
5.620E+00	1.187E+02
5.225E+00	9.491E+01
4.870E+00	7.492E+01
4.477E+00	5.399E+01
3.746E+00	3.610E+01
3.206E+00	2.196E+01
2.631E+00	1.072E+01
1.675E+00	-6.103E+00
1.174E+00	-1.834E+01
-4.384E-02	-3.120E+01
-1.226E+00	-4.695E+01
-3.334E+00	-8.722E+01
-4.021E+00	-9.649E+01
-4.520E+00	-1.078E+02
-4.753E+00	-1.163E+02
-5.445E+00	-1.323E+02
-6.060E+00	-1.464E+02
-6.558E+00	-1.567E+02
-7.053E+00	-1.622E+02
-7.193E+00	-1.468E+02
-6.761E+00	-1.240E+02
-6.292E+00	-1.031E+02
-5.741E+00	-7.358E+01
-4.851E+00	-4.521E+01
-3.927E+00	-2.165E+01
-3.007E+00	-3.855E+00
-1.749E+00	1.282E+01
-9.842E-01	2.493E+01
-1.051E-01	3.891E+01
1.266E+00	5.457E+01
2.035E+00	7.244E+01
2.918E+00	9.122E+01
3.686E+00	1.091E+02
4.224E+00	1.213E+02
4.914E+00	1.344E+02
5.336E+00	1.429E+02
5.794E+00	1.494E+02
6.252E+00	1.559E+02
5.929E+00	1.282E+02
5.574E+00	1.072E+02
5.220E+00	8.915E+01
4.908E+00	7.490E+01
4.443E+00	5.977E+01
4.013E+00	4.077E+01
3.396E+00	2.379E+01
2.630E+00	8.798E+00
1.597E+00	-8.945E+00
8.346E-01	-1.818E+01
-2.341E-01	-3.303E+01
-1.494E+00	-5.066E+01
-2.448E+00	-6.364E+01
-3.481E+00	-8.139E+01
-4.209E+00	-9.544E+01
-5.056E+00	-1.171E+02
-5.707E+00	-1.293E+02
-6.355E+00	-1.376E+02
-6.777E+00	-1.460E+02
-7.199E+00	-1.554E+02
-7.113E+00	-1.401E+02
-6.756E+00	-1.182E+02
-6.248E+00	-9.542E+01
-5.624E+00	-6.788E+01
-5.041E+00	-4.608E+01
-4.424E+00	-2.909E+01
-3.543E+00	-1.320E+01
-2.126E+00	1.300E+01
-1.324E+00	2.510E+01
-2.540E-01	4.186E+01
7.762E-01	5.577E+01
1.693E+00	6.973E+01
2.572E+00	8.370E+01
3.187E+00	9.781E+01
3.915E+00	1.119E+02
4.643E+00	1.249E+02
5.064E+00	1.324E+02
5.371E+00	1.390E+02
5.492E+00	1.505E+02
5.611E+00	1.571E+02
6.028E+00	1.588E+02
6.525E+00	1.672E+02
7.093E+00	1.689E+02
7.468E+00	1.658E+02
7.421E+00	1.534E+02
7.335E+00	1.400E+02
7.095E+00	1.219E+02
6.783E+00	1.076E+02
6.545E+00	9.332E+01
6.231E+00	7.715E+01
6.151E+00	7.047E+01
5.806E+00	6.391E+01
5.458E+00	5.352E+01
5.415E+00	4.586E+01
5.261E+00	4.209E+01
4.879E+00	3.652E+01
4.532E+00	2.708E+01
4.146E+00	1.575E+01
3.840E+00	1.014E+01
3.534E+00	5.485E+00
3.228E+00	-1.282E-01
2.695E+00	-4.673E+00
2.163E+00	-1.018E+01
1.254E+00	-1.262E+01
6.437E-01	-2.097E+01
-1.956E-01	-3.208E+01
-1.146E+00	-4.027E+01
-1.796E+00	-5.052E+01
-2.559E+00	-6.071E+01
-3.286E+00	-7.380E+01
-3.902E+00	-8.982E+01
-4.630E+00	-1.039E+02
-5.245E+00	-1.180E+02
-5.669E+00	-1.293E+02
-6.165E+00	-1.358E+02
-6.699E+00	-1.432E+02
-7.083E+00	-1.507E+02
-7.461E+00	-1.515E+02
-7.801E+00	-1.513E+02
-8.029E+00	-1.541E+02
-8.447E+00	-1.568E+02
-8.435E+00	-1.414E+02
-8.190E+00	-1.166E+02
-7.648E+00	-9.762E+01
-7.216E+00	-7.671E+01
-6.593E+00	-5.109E+01
-6.015E+00	-3.505E+01
-5.476E+00	-2.187E+01
-4.709E+00	-6.878E+00
-3.870E+00	4.239E+00
9.878E-01	3.551E+01
-1.934E+00	1.771E+01
-4.121E-01	3.234E+01
1.499E+00	6.310E+01
2.803E+00	8.935E+01
3.833E+00	1.033E+02
4.787E+00	1.162E+02
5.591E+00	1.312E+02
6.279E+00	1.414E+02
7.078E+00	1.487E+02
7.610E+00	1.533E+02
7.760E+00	1.523E+02
7.714E+00	1.408E+02
7.630E+00	1.302E+02
7.316E+00	1.131E+02
7.117E+00	1.007E+02
7.070E+00	8.826E+01
6.761E+00	7.785E+01
6.605E+00	7.121E+01
6.183E+00	6.277E+01
5.950E+00	5.424E+01
5.832E+00	4.854E+01
5.713E+00	3.996E+01
5.405E+00	3.339E+01
4.945E+00	2.305E+01
4.295E+00	1.280E+01
3.606E+00	6.502E-01
3.035E+00	-5.795E+00
2.009E+00	-1.394E+01
8.738E-01	-1.628E+01
-1.521E-01	-2.443E+01
-1.180E+00	-3.545E+01
-2.135E+00	-4.939E+01
-2.785E+00	-6.060E+01
-3.545E+00	-6.695E+01
-4.118E+00	-7.532E+01
-4.842E+00	-8.361E+01
-5.720E+00	-9.663E+01
-6.486E+00	-1.107E+02
-6.985E+00	-1.210E+02
-7.443E+00	-1.275E+02
-7.902E+00	-1.349E+02
-8.208E+00	-1.406E+02
-8.510E+00	-1.404E+02
-8.614E+00	-1.269E+02
-8.256E+00	-1.031E+02
-7.902E+00	-8.406E+01
-7.513E+00	-6.889E+01
-6.545E+00	-3.672E+01
-5.816E+00	-2.171E+01
-5.051E+00	-9.594E+00
-4.175E+00	5.451E-01
-3.337E+00	9.743E+00
-2.310E+00	1.981E+01
-1.439E+00	2.323E+01
-4.848E-01	3.621E+01
6.530E-01	4.239E+01
1.452E+00	4.968E+01
2.212E+00	5.604E+01
2.749E+00	6.730E+01
3.511E+00	7.653E+01
4.164E+00	9.158E+01
4.736E+00	9.802E+01
5.270E+00	1.054E+02
6.263E+00	1.203E+02
6.685E+00	1.288E+02
7.181E+00	1.352E+02
7.638E+00	1.408E+02
7.790E+00	1.417E+02
7.783E+00	1.321E+02
7.619E+00	1.149E+02
7.420E+00	1.006E+02
7.220E+00	8.627E+01
6.679E+00	6.925E+01
6.365E+00	5.404E+01
5.865E+00	4.180E+01
4.792E+00	2.120E+01
4.216E+00	8.997E+00
2.388E+00	-1.220E+01
8.731E-01	-1.724E+01
-6.059E-01	-2.517E+01
-1.672E+00	-3.618E+01
-2.282E+00	-4.452E+01
-3.043E+00	-5.184E+01
-3.766E+00	-5.917E+01
-4.376E+00	-6.656E+01
-5.062E+00	-7.487E+01
-6.130E+00	-8.875E+01
-6.933E+00	-1.018E+02
-7.546E+00	-1.130E+02
-8.275E+00	-1.290E+02
-8.582E+00	-1.356E+02
-8.734E+00	-1.365E+02
-8.529E+00	-1.145E+02
-8.133E+00	-9.067E+01
-7.433E+00	-6.317E+01
-6.777E+00	-4.428E+01
-6.084E+00	-2.734E+01
-5.281E+00	-1.332E+01
-4.328E+00	-1.302E+00
-3.262E+00	9.706E+00
-2.464E+00	1.604E+01
-1.284E+00	2.796E+01
1.220E+00	4.307E+01
2.366E+00	5.980E+01
2.586E+00	5.106E+01
3.655E+00	6.686E+01
5.029E+00	8.636E+01
5.681E+00	9.853E+01
5.988E+00	1.051E+02
6.290E+00	1.059E+02
6.485E+00	1.135E+02
6.791E+00	1.191E+02
7.287E+00	1.256E+02
7.898E+00	1.339E+02
8.470E+00	1.423E+02
8.887E+00	1.440E+02
9.112E+00	1.410E+02
9.330E+00	1.304E+02
9.553E+00	1.245E+02
9.545E+00	1.149E+02
9.461E+00	1.034E+02
9.112E+00	9.112E+01
8.877E+00	7.972E+01
8.566E+00	6.739E+01
8.256E+00	5.698E+01
7.945E+00	4.465E+01
7.559E+00	3.427E+01
6.837E+00	2.790E+01
6.374E+00	1.468E+01
5.571E+00	1.627E+00
5.076E+00	-2.936E+00
-5.189E+00	8.711E+00
3.181E+00	-1.163E+01
2.195E+00	-1.691E+01
4.178E-01	-1.990E+01
-1.023E+00	-2.785E+01
-2.086E+00	-3.502E+01
-2.624E+00	-4.628E+01
-3.614E+00	-5.828E+01
-4.262E+00	-6.565E+01
-5.178E+00	-7.865E+01
-6.513E+00	-9.625E+01
-7.207E+00	-1.142E+02
-8.006E+00	-1.224E+02
-8.655E+00	-1.317E+02
-9.186E+00	-1.343E+02
-9.602E+00	-1.351E+02
-9.943E+00	-1.368E+02
-9.892E+00	-1.186E+02
-9.422E+00	-9.677E+01
-8.839E+00	-7.497E+01
-8.294E+00	-5.316E+01
-7.561E+00	-3.239E+01
-6.831E+00	-1.546E+01
-6.104E+00	-2.369E+00
-5.039E+00	7.679E+00
-3.866E+00	9.996E+00
-2.729E+00	1.521E+01
-1.553E+00	2.233E+01
4.170E-02	3.308E+01
1.900E+00	4.275E+01
3.308E+00	5.743E+01
4.142E+00	6.183E+01
4.828E+00	7.014E+01
5.631E+00	8.319E+01
6.166E+00	9.062E+01
7.043E+00	1.017E+02
7.729E+00	1.100E+02
8.342E+00	1.222E+02
8.876E+00	1.287E+02
9.105E+00	1.324E+02
8.788E+00	1.124E+02
8.435E+00	9.433E+01
7.929E+00	7.441E+01
7.499E+00	5.446E+01
6.956E+00	3.552E+01
6.376E+00	1.852E+01
5.422E+00	4.578E+00
4.092E+00	-6.303E+00
2.916E+00	-1.246E+01
1.404E+00	-1.461E+01
-1.439E+00	-2.765E+01
-2.767E+00	-3.661E+01
-4.058E+00	-4.463E+01
-4.972E+00	-5.571E+01
-5.960E+00	-6.292E+01
-7.102E+00	-7.581E+01
-7.792E+00	-8.892E+01
-8.444E+00	-1.020E+02
-8.868E+00	-1.134E+02
-9.629E+00	-1.207E+02
-1.024E+01	-1.233E+02
-1.003E+01	-1.032E+02
-9.561E+00	-8.039E+01
-8.905E+00	-6.150E+01
-7.979E+00	-3.507E+01
-6.979E+00	-1.155E+01
-5.116E+00	5.796E+00
-3.526E+00	9.833E+00
-2.125E+00	1.492E+01
-3.430E-01	2.366E+01
5.703E-01	3.283E+01
2.162E+00	3.974E+01
3.260E+00	4.401E+01
4.174E+00	5.414E+01
5.127E+00	6.520E+01
5.926E+00	7.345E+01
6.805E+00	8.647E+01
7.530E+00	9.668E+01
8.182E+00	1.098E+02
9.022E+00	1.219E+02
9.441E+00	1.265E+02
9.167E+00	1.141E+02
9.160E+00	1.045E+02
9.115E+00	9.496E+01
8.771E+00	8.937E+01
8.461E+00	7.896E+01
8.304E+00	7.039E+01
8.259E+00	6.081E+01
7.877E+00	5.524E+01
7.528E+00	4.389E+01
7.144E+00	3.447E+01
6.645E+00	2.415E+01
6.035E+00	1.580E+01
4.773E+00	-4.710E+00
3.556E+00	-1.565E+01
1.554E+00	-1.564E+01
1.179E-01	-1.687E+01
-1.058E+00	-2.399E+01
-3.258E+00	-3.541E+01
-4.205E+00	-3.976E+01
-5.270E+00	-4.981E+01
-6.146E+00	-5.899E+01
-6.757E+00	-6.829E+01
-7.860E+00	-7.832E+01
-8.473E+00	-9.051E+01
-8.934E+00	-1.008E+02
-9.279E+00	-1.074E+02
-9.663E+00	-1.159E+02
-1.016E+01	-1.195E+02
-9.723E+00	-9.471E+01
-9.174E+00	-6.809E+01
-8.015E+00	-3.313E+01
-6.254E+00	-1.337E+00
-3.109E+00	1.155E+01
-7.206E-01	2.385E+01
3.223E+00	4.499E+01
5.278E+00	6.513E+01
6.384E+00	7.995E+01
7.682E+00	9.853E+01
8.676E+00	1.134E+02
9.325E+00	1.227E+02
9.857E+00	1.282E+02
1.027E+01	1.309E+02
1.047E+01	1.346E+02
1.065E+01	1.278E+02
1.076E+01	1.211E+02
1.041E+01	1.059E+02
1.021E+01	8.964E+01
1.001E+01	8.109E+01
9.740E+00	7.162E+01
9.468E+00	6.215E+01
9.388E+00	5.547E+01
9.002E+00	4.414E+01
8.541E+00	3.380E+01
8.119E+00	2.536E+01
7.739E+00	2.171E+01
7.280E+00	1.425E+01
6.820E+00	5.827E+00
6.288E+00	1.283E+00
5.567E+00	-3.171E+00
4.808E+00	-8.566E+00
3.105E+00	-1.255E+01
1.063E+00	-1.637E+01
-3.409E-01	-2.433E+01
-2.617E+00	-3.764E+01
-4.170E+00	-4.362E+01
-5.346E+00	-5.073E+01
-5.956E+00	-5.812E+01
-6.983E+00	-6.722E+01
-7.707E+00	-7.552E+01
-8.666E+00	-9.618E+01
-9.278E+00	-1.064E+02
-9.927E+00	-1.148E+02
-1.054E+01	-1.260E+02
-1.088E+01	-1.316E+02
-1.126E+01	-1.333E+02
-1.153E+01	-1.313E+02
-1.125E+01	-1.122E+02
-1.081E+01	-8.651E+01
-1.034E+01	-6.753E+01
-9.649E+00	-4.675E+01
-8.991E+00	-2.498E+01
-8.188E+00	-1.193E+01
-7.424E+00	-7.752E-01
-6.741E+00	4.656E+00
