0.00	0.0000E+00	0.0000E+00	0.0000E+00	0.0000E+00
0.03	7.4316E+03	7.4316E+03	1.4863E+04	1.4863E+04
0.06	1.4863E+04	1.4863E+04	2.9727E+04	2.9727E+04
0.09	2.1331E+04	2.2132E+04	4.3463E+04	4.3294E+04
0.12	2.6541E+04	2.8907E+04	5.5448E+04	5.4921E+04
0.15	2.9154E+04	3.6373E+04	6.5527E+04	6.4396E+04
0.18	2.9601E+04	4.2850E+04	7.2451E+04	7.0694E+04
0.21	3.0185E+04	4.7655E+04	7.7839E+04	7.5919E+04
0.24	2.8789E+04	5.3085E+04	8.1874E+04	8.0121E+04
0.27	2.7400E+04	5.7374E+04	8.4774E+04	8.3236E+04
0.30	2.5901E+04	6.1573E+04	8.7474E+04	8.6080E+04
0.33	2.4547E+04	6.5593E+04	9.0140E+04	8.8841E+04
0.36	2.3350E+04	6.9457E+04	9.2807E+04	9.1559E+04
0.39	2.2286E+04	7.3204E+04	9.5491E+04	9.4259E+04
0.42	2.1332E+04	7.6870E+04	9.8202E+04	9.6957E+04
0.45	2.0706E+04	7.9889E+04	1.0059E+05	9.9568E+04
0.48	2.0366E+04	8.2281E+04	1.0265E+05	1.0210E+05
0.51	1.9976E+04	8.4826E+04	1.0480E+05	1.0468E+05
0.54	1.9618E+04	8.7335E+04	1.0695E+05	1.0721E+05
0.57	1.9272E+04	8.9844E+04	1.0912E+05	1.0975E+05
0.60	1.9036E+04	9.2330E+04	1.1137E+05	1.1222E+05
0.63	1.9304E+04	9.4614E+04	1.1392E+05	1.1426E+05
0.66	1.9387E+04	9.6690E+04	1.1608E+05	1.1625E+05
0.69	1.9249E+04	9.8768E+04	1.1802E+05	1.1804E+05
0.72	1.9153E+04	1.0118E+05	1.2033E+05	1.1980E+05
0.75	1.9087E+04	1.0356E+05	1.2265E+05	1.2156E+05
0.78	1.9110E+04	1.0570E+05	1.2481E+05	1.2342E+05
0.81	1.9129E+04	1.0788E+05	1.2701E+05	1.2534E+05
0.84	1.9128E+04	1.1004E+05	1.2917E+05	1.2724E+05
0.87	1.9122E+04	1.1221E+05	1.3133E+05	1.2914E+05
0.90	1.9116E+04	1.1436E+05	1.3347E+05	1.3104E+05
0.93	1.9116E+04	1.1648E+05	1.3560E+05	1.3293E+05
0.96	1.9185E+04	1.1848E+05	1.3766E+05	1.3479E+05
0.99	1.9246E+04	1.2046E+05	1.3970E+05	1.3663E+05
1.02	1.9292E+04	1.2242E+05	1.4171E+05	1.3844E+05
1.05	1.9328E+04	1.2437E+05	1.4369E+05	1.4024E+05
1.08	1.9358E+04	1.2629E+05	1.4565E+05	1.4203E+05
1.11	1.9384E+04	1.2819E+05	1.4757E+05	1.4381E+05
1.14	1.9452E+04	1.2989E+05	1.4934E+05	1.4543E+05
1.17	1.9512E+04	1.3155E+05	1.5106E+05	1.4703E+05
1.20	1.9633E+04	1.3308E+05	1.5271E+05	1.4854E+05
1.23	1.9831E+04	1.3442E+05	1.5425E+05	1.4992E+05
1.26	1.9982E+04	1.3572E+05	1.5570E+05	1.5128E+05
1.29	2.0118E+04	1.3698E+05	1.5710E+05	1.5264E+05
1.32	2.0242E+04	1.3819E+05	1.5844E+05	1.5396E+05
1.35	2.0355E+04	1.3937E+05	1.5972E+05	1.5525E+05
1.38	2.0460E+04	1.4050E+05	1.6096E+05	1.5651E+05
1.41	2.0557E+04	1.4159E+05	1.6215E+05	1.5774E+05
1.44	2.0656E+04	1.4262E+05	1.6328E+05	1.5892E+05
1.47	2.0746E+04	1.4363E+05	1.6438E+05	1.6007E+05
1.50	2.0826E+04	1.4461E+05	1.6544E+05	1.6119E+05
1.53	2.0899E+04	1.4556E+05	1.6646E+05	1.6229E+05
1.56	2.0968E+04	1.4648E+05	1.6745E+05	1.6336E+05
1.59	2.1033E+04	1.4737E+05	1.6840E+05	1.6441E+05
1.62	2.1095E+04	1.4823E+05	1.6932E+05	1.6545E+05
1.65	2.1155E+04	1.4906E+05	1.7021E+05	1.6646E+05
1.68	2.1245E+04	1.4978E+05	1.7102E+05	1.6737E+05
1.71	2.1328E+04	1.5048E+05	1.7181E+05	1.6823E+05
1.74	2.1406E+04	1.5116E+05	1.7256E+05	1.6904E+05
1.77	2.1479E+04	1.5182E+05	1.7330E+05	1.6982E+05
1.80	2.1545E+04	1.5247E+05	1.7402E+05	1.7059E+05
1.83	2.1610E+04	1.5310E+05	1.7471E+05	1.7135E+05
1.86	2.1672E+04	1.5371E+05	1.7538E+05	1.7210E+05
1.89	2.1732E+04	1.5430E+05	1.7603E+05	1.7282E+05
1.92	2.1792E+04	1.5487E+05	1.7666E+05	1.7354E+05
1.95	2.1853E+04	1.5542E+05	1.7727E+05	1.7424E+05
1.98	2.1915E+04	1.5596E+05	1.7787E+05	1.7494E+05
2.01	2.1979E+04	1.5648E+05	1.7845E+05	1.7563E+05
2.04	2.2043E+04	1.5698E+05	1.7903E+05	1.7631E+05
2.07	2.2109E+04	1.5748E+05	1.7959E+05	1.7699E+05
2.10	2.2176E+04	1.5796E+05	1.8014E+05	1.7765E+05
2.13	2.2244E+04	1.5843E+05	1.8067E+05	1.7831E+05
2.16	2.2313E+04	1.5889E+05	1.8121E+05	1.7895E+05
2.19	2.2394E+04	1.5931E+05	1.8170E+05	1.7955E+05
2.22	2.2492E+04	1.5964E+05	1.8213E+05	1.8008E+05
2.25	2.2579E+04	1.6000E+05	1.8258E+05	1.8060E+05
2.28	2.2664E+04	1.6036E+05	1.8303E+05	1.8112E+05
2.31	2.2748E+04	1.6071E+05	1.8346E+05	1.8163E+05
2.34	2.2832E+04	1.6106E+05	1.8389E+05	1.8213E+05
2.37	2.2917E+04	1.6139E+05	1.8430E+05	1.8262E+05
2.40	2.3003E+04	1.6171E+05	1.8471E+05	1.8310E+05
2.43	2.3089E+04	1.6202E+05	1.8511E+05	1.8357E+05
2.46	2.3176E+04	1.6232E+05	1.8550E+05	1.8403E+05
2.49	2.3265E+04	1.6261E+05	1.8587E+05	1.8448E+05
2.52	2.3354E+04	1.6289E+05	1.8624E+05	1.8492E+05
2.55	2.3445E+04	1.6316E+05	1.8660E+05	1.8535E+05
2.58	2.3536E+04	1.6341E+05	1.8695E+05	1.8577E+05
2.61	2.3629E+04	1.6366E+05	1.8729E+05	1.8619E+05
2.64	2.3723E+04	1.6389E+05	1.8762E+05	1.8659E+05
2.67	2.3817E+04	1.6412E+05	1.8794E+05	1.8698E+05
2.70	2.3913E+04	1.6433E+05	1.8824E+05	1.8736E+05
2.73	2.4010E+04	1.6453E+05	1.8854E+05	1.8773E+05
2.76	2.4108E+04	1.6472E+05	1.8883E+05	1.8809E+05
2.79	2.4207E+04	1.6490E+05	1.8911E+05	1.8845E+05
2.82	2.4307E+04	1.6506E+05	1.8937E+05	1.8879E+05
2.85	2.4409E+04	1.6522E+05	1.8962E+05	1.8912E+05
2.88	2.4511E+04	1.6536E+05	1.8987E+05	1.8944E+05
2.91	2.4614E+04	1.6548E+05	1.9010E+05	1.8975E+05
2.94	2.4719E+04	1.6560E+05	1.9032E+05	1.9005E+05
2.97	2.4832E+04	1.6569E+05	1.9052E+05	1.9035E+05
3.00	2.4943E+04	1.6578E+05	1.9072E+05	1.9063E+05
3.03	2.5056E+04	1.6585E+05	1.9091E+05	1.9090E+05
3.06	2.5171E+04	1.6592E+05	1.9109E+05	1.9116E+05
3.09	2.5287E+04	1.6598E+05	1.9127E+05	1.9141E+05
3.12	2.5403E+04	1.6603E+05	1.9143E+05	1.9166E+05
3.15	2.5522E+04	1.6606E+05	1.9158E+05	1.9189E+05
3.18	2.5641E+04	1.6609E+05	1.9173E+05	1.9212E+05
3.21	2.5762E+04	1.6610E+05	1.9186E+05	1.9233E+05
3.24	2.5885E+04	1.6611E+05	1.9199E+05	1.9254E+05
3.27	2.6008E+04	1.6610E+05	1.9211E+05	1.9273E+05
3.30	2.6134E+04	1.6608E+05	1.9222E+05	1.9292E+05
3.33	2.6262E+04	1.6604E+05	1.9231E+05	1.9309E+05
3.36	2.6399E+04	1.6596E+05	1.9236E+05	1.9326E+05
3.39	2.6535E+04	1.6586E+05	1.9239E+05	1.9342E+05
3.42	2.6671E+04	1.6574E+05	1.9241E+05	1.9357E+05
3.45	2.6808E+04	1.6562E+05	1.9243E+05	1.9371E+05
3.48	2.6946E+04	1.6549E+05	1.9244E+05	1.9385E+05
3.51	2.7085E+04	1.6535E+05	1.9243E+05	1.9397E+05
3.54	2.7226E+04	1.6520E+05	1.9242E+05	1.9409E+05
3.57	2.7367E+04	1.6504E+05	1.9241E+05	1.9419E+05
3.60	2.7510E+04	1.6487E+05	1.9238E+05	1.9429E+05
3.63	2.7654E+04	1.6469E+05	1.9234E+05	1.9438E+05
3.66	2.7800E+04	1.6450E+05	1.9230E+05	1.9446E+05
3.69	2.7947E+04	1.6430E+05	1.9225E+05	1.9454E+05
3.72	2.8095E+04	1.6409E+05	1.9218E+05	1.9460E+05
3.75	2.8244E+04	1.6387E+05	1.9211E+05	1.9466E+05
3.78	2.8394E+04	1.6364E+05	1.9203E+05	1.9471E+05
3.81	2.8545E+04	1.6339E+05	1.9194E+05	1.9475E+05
3.84	2.8697E+04	1.6314E+05	1.9184E+05	1.9478E+05
3.87	2.8851E+04	1.6287E+05	1.9172E+05	1.9481E+05
3.90	2.9005E+04	1.6259E+05	1.9159E+05	1.9482E+05
3.93	2.9160E+04	1.6230E+05	1.9146E+05	1.9483E+05
3.96	2.9317E+04	1.6199E+05	1.9131E+05	1.9483E+05
3.99	2.9475E+04	1.6167E+05	1.9115E+05	1.9482E+05
4.02	2.9635E+04	1.6134E+05	1.9098E+05	1.9480E+05
4.05	2.9796E+04	1.6100E+05	1.9080E+05	1.9478E+05
4.08	2.9959E+04	1.6065E+05	1.9061E+05	1.9475E+05
4.11	3.0123E+04	1.6029E+05	1.9042E+05	1.9471E+05
4.14	3.0289E+04	1.5992E+05	1.9021E+05	1.9466E+05
4.17	3.0456E+04	1.5955E+05	1.9000E+05	1.9461E+05
4.20	3.0625E+04	1.5916E+05	1.8978E+05	1.9455E+05
4.23	3.0795E+04	1.5876E+05	1.8956E+05	1.9448E+05
4.26	3.0967E+04	1.5836E+05	1.8933E+05	1.9441E+05
4.29	3.1140E+04	1.5795E+05	1.8909E+05	1.9433E+05
4.32	3.1315E+04	1.5753E+05	1.8884E+05	1.9424E+05
4.35	3.1491E+04	1.5710E+05	1.8859E+05	1.9415E+05
4.38	3.1669E+04	1.5666E+05	1.8833E+05	1.9405E+05
4.41	3.1848E+04	1.5622E+05	1.8806E+05	1.9394E+05
4.44	3.2029E+04	1.5576E+05	1.8779E+05	1.9383E+05
4.47	3.2211E+04	1.5530E+05	1.8751E+05	1.9371E+05
4.50	3.2394E+04	1.5483E+05	1.8723E+05	1.9359E+05
4.53	3.2579E+04	1.5436E+05	1.8694E+05	1.9345E+05
4.56	3.2765E+04	1.5388E+05	1.8664E+05	1.9332E+05
4.59	3.2952E+04	1.5339E+05	1.8634E+05	1.9317E+05
4.62	3.3141E+04	1.5289E+05	1.8603E+05	1.9303E+05
4.65	3.3331E+04	1.5239E+05	1.8572E+05	1.9287E+05
4.68	3.3522E+04	1.5187E+05	1.8540E+05	1.9271E+05
4.71	3.3715E+04	1.5136E+05	1.8507E+05	1.9255E+05
4.74	3.3909E+04	1.5083E+05	1.8474E+05	1.9238E+05
4.77	3.4105E+04	1.5030E+05	1.8440E+05	1.9220E+05
4.80	3.4301E+04	1.4976E+05	1.8406E+05	1.9202E+05
4.83	3.4499E+04	1.4922E+05	1.8372E+05	1.9183E+05
4.86	3.4698E+04	1.4867E+05	1.8337E+05	1.9164E+05
4.89	3.4899E+04	1.4811E+05	1.8301E+05	1.9144E+05
4.92	3.5101E+04	1.4755E+05	1.8265E+05	1.9124E+05
4.95	3.5304E+04	1.4698E+05	1.8228E+05	1.9103E+05
4.98	3.5508E+04	1.4640E+05	1.8191E+05	1.9082E+05
5.01	3.5714E+04	1.4582E+05	1.8154E+05	1.9061E+05
5.04	3.5920E+04	1.4524E+05	1.8116E+05	1.9039E+05
5.07	3.6128E+04	1.4465E+05	1.8078E+05	1.9016E+05
5.10	3.6338E+04	1.4405E+05	1.8039E+05	1.8993E+05
5.13	3.6548E+04	1.4345E+05	1.8000E+05	1.8970E+05
5.16	3.6760E+04	1.4284E+05	1.7960E+05	1.8946E+05
5.19	3.6973E+04	1.4223E+05	1.7920E+05	1.8922E+05
5.22	3.7187E+04	1.4161E+05	1.7880E+05	1.8898E+05
5.25	3.7401E+04	1.4101E+05	1.7841E+05	1.8873E+05
5.28	3.7616E+04	1.4041E+05	1.7803E+05	1.8849E+05
5.31	3.7832E+04	1.3981E+05	1.7764E+05	1.8823E+05
5.34	3.8050E+04	1.3919E+05	1.7724E+05	1.8798E+05
5.37	3.8268E+04	1.3858E+05	1.7685E+05	1.8772E+05
5.40	3.8487E+04	1.3796E+05	1.7645E+05	1.8746E+05
5.43	3.8708E+04	1.3733E+05	1.7604E+05	1.8719E+05
5.46	3.8929E+04	1.3670E+05	1.7563E+05	1.8692E+05
5.49	3.9151E+04	1.3607E+05	1.7522E+05	1.8665E+05
5.52	3.9374E+04	1.3543E+05	1.7481E+05	1.8637E+05
5.55	3.9598E+04	1.3479E+05	1.7439E+05	1.8609E+05
5.58	3.9823E+04	1.3415E+05	1.7397E+05	1.8581E+05
5.61	4.0049E+04	1.3350E+05	1.7355E+05	1.8553E+05
5.64	4.0276E+04	1.3284E+05	1.7312E+05	1.8524E+05
5.67	4.0504E+04	1.3219E+05	1.7269E+05	1.8496E+05
5.70	4.0732E+04	1.3153E+05	1.7226E+05	1.8466E+05
5.73	4.0961E+04	1.3087E+05	1.7183E+05	1.8437E+05
5.76	4.1191E+04	1.3020E+05	1.7140E+05	1.8408E+05
5.79	4.1421E+04	1.2954E+05	1.7096E+05	1.8378E+05
5.82	4.1652E+04	1.2887E+05	1.7052E+05	1.8348E+05
5.85	4.1883E+04	1.2820E+05	1.7008E+05	1.8318E+05
5.88	4.2115E+04	1.2752E+05	1.6964E+05	1.8287E+05
5.91	4.2347E+04	1.2685E+05	1.6920E+05	1.8257E+05
5.94	4.2580E+04	1.2617E+05	1.6875E+05	1.8226E+05
5.97	4.2813E+04	1.2549E+05	1.6831E+05	1.8195E+05
6.00	4.3046E+04	1.2481E+05	1.6786E+05	1.8164E+05
6.03	4.3279E+04	1.2413E+05	1.6741E+05	1.8133E+05
6.06	4.3512E+04	1.2345E+05	1.6696E+05	1.8101E+05
6.09	4.3744E+04	1.2277E+05	1.6651E+05	1.8070E+05
6.12	4.3977E+04	1.2209E+05	1.6606E+05	1.8038E+05
6.15	4.4209E+04	1.2140E+05	1.6561E+05	1.8007E+05
6.18	4.4441E+04	1.2072E+05	1.6516E+05	1.7975E+05
6.21	4.4671E+04	1.2004E+05	1.6471E+05	1.7943E+05
6.24	4.4894E+04	1.1936E+05	1.6426E+05	1.7910E+05
6.27	4.5111E+04	1.1869E+05	1.6380E+05	1.7878E+05
6.30	4.5324E+04	1.1802E+05	1.6334E+05	1.7846E+05
6.33	4.5530E+04	1.1735E+05	1.6288E+05	1.7813E+05
6.36	4.5732E+04	1.1669E+05	1.6242E+05	1.7781E+05
6.39	4.5925E+04	1.1604E+05	1.6196E+05	1.7748E+05
6.42	4.6108E+04	1.1539E+05	1.6150E+05	1.7715E+05
6.45	4.6281E+04	1.1476E+05	1.6104E+05	1.7682E+05
6.48	4.6447E+04	1.1414E+05	1.6058E+05	1.7648E+05
6.51	4.6602E+04	1.1352E+05	1.6012E+05	1.7615E+05
6.54	4.6749E+04	1.1291E+05	1.5966E+05	1.7582E+05
6.57	4.6887E+04	1.1232E+05	1.5921E+05	1.7548E+05
6.60	4.7017E+04	1.1173E+05	1.5875E+05	1.7514E+05
6.63	4.7139E+04	1.1115E+05	1.5829E+05	1.7480E+05
6.66	4.7253E+04	1.1058E+05	1.5783E+05	1.7446E+05
6.69	4.7359E+04	1.1002E+05	1.5738E+05	1.7412E+05
6.72	4.7457E+04	1.0947E+05	1.5693E+05	1.7377E+05
6.75	4.7546E+04	1.0893E+05	1.5648E+05	1.7343E+05
6.78	4.7625E+04	1.0840E+05	1.5602E+05	1.7309E+05
6.81	4.7699E+04	1.0788E+05	1.5557E+05	1.7274E+05
6.84	4.7765E+04	1.0736E+05	1.5513E+05	1.7239E+05
6.87	4.7824E+04	1.0686E+05	1.5468E+05	1.7204E+05
6.90	4.7876E+04	1.0636E+05	1.5424E+05	1.7169E+05
6.93	4.7922E+04	1.0587E+05	1.5379E+05	1.7134E+05
6.96	4.7961E+04	1.0539E+05	1.5335E+05	1.7098E+05
6.99	4.7993E+04	1.0492E+05	1.5291E+05	1.7063E+05
7.02	4.8019E+04	1.0446E+05	1.5248E+05	1.7027E+05
7.05	4.8039E+04	1.0400E+05	1.5204E+05	1.6991E+05
7.08	4.8052E+04	1.0355E+05	1.5160E+05	1.6955E+05
7.11	4.8060E+04	1.0311E+05	1.5117E+05	1.6919E+05
7.14	4.8062E+04	1.0267E+05	1.5074E+05	1.6883E+05
7.17	4.8059E+04	1.0225E+05	1.5031E+05	1.6846E+05
7.20	4.8050E+04	1.0183E+05	1.4988E+05	1.6810E+05
7.23	4.8035E+04	1.0141E+05	1.4945E+05	1.6773E+05
7.26	4.8015E+04	1.0101E+05	1.4902E+05	1.6736E+05
7.29	4.7990E+04	1.0061E+05	1.4860E+05	1.6699E+05
7.32	4.7960E+04	1.0021E+05	1.4817E+05	1.6662E+05
7.35	4.7924E+04	9.9824E+04	1.4775E+05	1.6625E+05
7.38	4.7884E+04	9.9443E+04	1.4733E+05	1.6588E+05
7.41	4.7840E+04	9.9069E+04	1.4691E+05	1.6550E+05
7.44	4.7794E+04	9.8703E+04	1.4650E+05	1.6513E+05
7.47	4.7742E+04	9.8342E+04	1.4608E+05	1.6475E+05
7.50	4.7688E+04	9.7986E+04	1.4567E+05	1.6437E+05
7.53	4.7619E+04	9.7636E+04	1.4526E+05	1.6399E+05
7.56	4.7537E+04	9.7294E+04	1.4483E+05	1.6360E+05
7.59	4.7450E+04	9.6955E+04	1.4441E+05	1.6322E+05
7.62	4.7360E+04	9.6620E+04	1.4398E+05	1.6283E+05
7.65	4.7266E+04	9.6290E+04	1.4356E+05	1.6244E+05
7.68	4.7169E+04	9.5963E+04	1.4313E+05	1.6206E+05
7.71	4.7067E+04	9.5640E+04	1.4271E+05	1.6167E+05
7.74	4.6967E+04	9.5317E+04	1.4228E+05	1.6127E+05
7.77	4.6864E+04	9.4997E+04	1.4186E+05	1.6088E+05
7.80	4.6757E+04	9.4681E+04	1.4144E+05	1.6048E+05
7.83	4.6647E+04	9.4369E+04	1.4102E+05	1.6007E+05
7.86	4.6534E+04	9.4059E+04	1.4059E+05	1.5967E+05
7.89	4.6417E+04	9.3753E+04	1.4017E+05	1.5927E+05
7.92	4.6297E+04	9.3450E+04	1.3975E+05	1.5886E+05
7.95	4.6174E+04	9.3151E+04	1.3932E+05	1.5845E+05
7.98	4.6048E+04	9.2854E+04	1.3890E+05	1.5804E+05
8.01	4.5919E+04	9.2561E+04	1.3848E+05	1.5763E+05
8.04	4.5787E+04	9.2270E+04	1.3806E+05	1.5721E+05
8.07	4.5653E+04	9.1982E+04	1.3764E+05	1.5680E+05
8.10	4.5516E+04	9.1697E+04	1.3721E+05	1.5638E+05
8.13	4.5362E+04	9.1426E+04	1.3679E+05	1.5596E+05
8.16	4.5196E+04	9.1163E+04	1.3636E+05	1.5554E+05
8.19	4.5030E+04	9.0900E+04	1.3593E+05	1.5511E+05
8.22	4.4863E+04	9.0638E+04	1.3550E+05	1.5469E+05
8.25	4.4694E+04	9.0376E+04	1.3507E+05	1.5426E+05
8.28	4.4524E+04	9.0116E+04	1.3464E+05	1.5383E+05
8.31	4.4352E+04	8.9858E+04	1.3421E+05	1.5340E+05
8.34	4.4179E+04	8.9602E+04	1.3378E+05	1.5296E+05
8.37	4.4003E+04	8.9346E+04	1.3335E+05	1.5251E+05
8.40	4.3825E+04	8.9095E+04	1.3292E+05	1.5207E+05
8.43	4.3645E+04	8.8844E+04	1.3249E+05	1.5162E+05
8.46	4.3463E+04	8.8597E+04	1.3206E+05	1.5117E+05
8.49	4.3279E+04	8.8351E+04	1.3163E+05	1.5071E+05
8.52	4.3093E+04	8.8109E+04	1.3120E+05	1.5026E+05
8.55	4.2904E+04	8.7867E+04	1.3077E+05	1.4980E+05
8.58	4.2714E+04	8.7631E+04	1.3035E+05	1.4934E+05
8.61	4.2524E+04	8.7397E+04	1.2992E+05	1.4887E+05
8.64	4.2339E+04	8.7177E+04	1.2952E+05	1.4841E+05
8.67	4.2152E+04	8.6959E+04	1.2911E+05	1.4795E+05
8.70	4.1961E+04	8.6743E+04	1.2870E+05	1.4748E+05
8.73	4.1769E+04	8.6529E+04	1.2830E+05	1.4701E+05
8.76	4.1574E+04	8.6317E+04	1.2789E+05	1.4654E+05
8.79	4.1376E+04	8.6106E+04	1.2748E+05	1.4606E+05
8.82	4.1176E+04	8.5896E+04	1.2707E+05	1.4558E+05
8.85	4.0971E+04	8.5705E+04	1.2668E+05	1.4511E+05
8.88	4.0761E+04	8.5522E+04	1.2628E+05	1.4463E+05
8.91	4.0549E+04	8.5339E+04	1.2589E+05	1.4414E+05
8.94	4.0334E+04	8.5157E+04	1.2549E+05	1.4366E+05
8.97	4.0116E+04	8.4974E+04	1.2509E+05	1.4317E+05
9.00	3.9895E+04	8.4791E+04	1.2469E+05	1.4268E+05
9.03	3.9670E+04	8.4608E+04	1.2428E+05	1.4218E+05
9.06	3.9442E+04	8.4423E+04	1.2386E+05	1.4169E+05
9.09	3.9210E+04	8.4236E+04	1.2345E+05	1.4119E+05
9.12	3.8975E+04	8.4048E+04	1.2302E+05	1.4069E+05
9.15	3.8737E+04	8.3868E+04	1.2260E+05	1.4019E+05
9.18	3.8496E+04	8.3688E+04	1.2218E+05	1.3968E+05
9.21	3.8248E+04	8.3505E+04	1.2175E+05	1.3917E+05
9.24	3.7994E+04	8.3316E+04	1.2131E+05	1.3866E+05
9.27	3.7731E+04	8.3119E+04	1.2085E+05	1.3815E+05
9.30	3.7460E+04	8.2915E+04	1.2038E+05	1.3762E+05
9.33	3.7178E+04	8.2712E+04	1.1989E+05	1.3710E+05
9.36	3.6893E+04	8.2510E+04	1.1940E+05	1.3658E+05
9.39	3.6605E+04	8.2307E+04	1.1891E+05	1.3605E+05
9.42	3.6314E+04	8.2104E+04	1.1842E+05	1.3552E+05
9.45	3.6020E+04	8.1901E+04	1.1792E+05	1.3498E+05
9.48	3.5723E+04	8.1697E+04	1.1742E+05	1.3445E+05
9.51	3.5424E+04	8.1493E+04	1.1692E+05	1.3391E+05
9.54	3.5122E+04	8.1288E+04	1.1641E+05	1.3337E+05
9.57	3.4818E+04	8.1083E+04	1.1590E+05	1.3283E+05
9.60	3.4512E+04	8.0877E+04	1.1539E+05	1.3228E+05
9.63	3.4203E+04	8.0670E+04	1.1487E+05	1.3173E+05
9.66	3.3892E+04	8.0463E+04	1.1436E+05	1.3118E+05
9.69	3.3580E+04	8.0256E+04	1.1384E+05	1.3063E+05
9.72	3.3265E+04	8.0048E+04	1.1331E+05	1.3008E+05
9.75	3.2949E+04	7.9839E+04	1.1279E+05	1.2953E+05
9.78	3.2631E+04	7.9630E+04	1.1226E+05	1.2897E+05
9.81	3.2311E+04	7.9421E+04	1.1173E+05	1.2841E+05
9.84	3.1989E+04	7.9211E+04	1.1120E+05	1.2786E+05
9.87	3.1666E+04	7.9002E+04	1.1067E+05	1.2730E+05
9.90	3.1341E+04	7.8792E+04	1.1013E+05	1.2673E+05
9.93	3.1015E+04	7.8582E+04	1.0960E+05	1.2617E+05
9.96	3.0687E+04	7.8371E+04	1.0906E+05	1.2561E+05
9.99	3.0358E+04	7.8161E+04	1.0852E+05	1.2504E+05
10.02	3.0027E+04	7.7951E+04	1.0798E+05	1.2448E+05
10.05	2.9695E+04	7.7740E+04	1.0744E+05	1.2391E+05
10.08	2.9362E+04	7.7530E+04	1.0689E+05	1.2334E+05
10.11	2.9027E+04	7.7319E+04	1.0635E+05	1.2277E+05
10.14	2.8691E+04	7.7109E+04	1.0580E+05	1.2220E+05
10.17	2.8354E+04	7.6899E+04	1.0525E+05	1.2163E+05
10.20	2.8016E+04	7.6689E+04	1.0470E+05	1.2106E+05
10.23	2.7677E+04	7.6479E+04	1.0416E+05	1.2049E+05
10.26	2.7336E+04	7.6269E+04	1.0361E+05	1.1991E+05
10.29	2.6994E+04	7.6060E+04	1.0305E+05	1.1934E+05
10.32	2.6652E+04	7.5850E+04	1.0250E+05	1.1876E+05
10.35	2.6308E+04	7.5641E+04	1.0195E+05	1.1819E+05
10.38	2.5963E+04	7.5433E+04	1.0140E+05	1.1761E+05
10.41	2.5618E+04	7.5224E+04	1.0084E+05	1.1704E+05
10.44	2.5271E+04	7.5016E+04	1.0029E+05	1.1646E+05
10.47	2.4924E+04	7.4808E+04	9.9732E+04	1.1588E+05
10.50	2.4577E+04	7.4598E+04	9.9175E+04	1.1531E+05
10.53	2.4240E+04	7.4374E+04	9.8614E+04	1.1473E+05
10.56	2.3899E+04	7.4145E+04	9.8044E+04	1.1415E+05
10.59	2.3558E+04	7.3915E+04	9.7473E+04	1.1357E+05
10.62	2.3217E+04	7.3685E+04	9.6901E+04	1.1299E+05
10.65	2.2874E+04	7.3454E+04	9.6328E+04	1.1241E+05
10.68	2.2531E+04	7.3223E+04	9.5755E+04	1.1183E+05
10.71	2.2188E+04	7.2992E+04	9.5180E+04	1.1126E+05
10.74	2.1844E+04	7.2761E+04	9.4605E+04	1.1068E+05
10.77	2.1499E+04	7.2529E+04	9.4029E+04	1.1010E+05
10.80	2.1154E+04	7.2298E+04	9.3452E+04	1.0952E+05
10.83	2.0809E+04	7.2066E+04	9.2875E+04	1.0894E+05
10.86	2.0463E+04	7.1834E+04	9.2297E+04	1.0836E+05
10.89	2.0116E+04	7.1602E+04	9.1718E+04	1.0778E+05
10.92	1.9769E+04	7.1370E+04	9.1139E+04	1.0720E+05
10.95	1.9422E+04	7.1138E+04	9.0560E+04	1.0663E+05
10.98	1.9074E+04	7.0906E+04	8.9980E+04	1.0605E+05
11.01	1.8726E+04	7.0673E+04	8.9399E+04	1.0547E+05
11.04	1.8378E+04	7.0440E+04	8.8818E+04	1.0489E+05
11.07	1.8033E+04	7.0200E+04	8.8233E+04	1.0432E+05
11.10	1.7688E+04	6.9960E+04	8.7649E+04	1.0374E+05
11.13	1.7343E+04	6.9721E+04	8.7063E+04	1.0316E+05
11.16	1.6997E+04	6.9481E+04	8.6478E+04	1.0259E+05
11.19	1.6651E+04	6.9242E+04	8.5893E+04	1.0201E+05
11.22	1.6305E+04	6.9003E+04	8.5308E+04	1.0144E+05
11.25	1.5958E+04	6.8764E+04	8.4722E+04	1.0087E+05
11.28	1.5612E+04	6.8525E+04	8.4137E+04	1.0029E+05
11.31	1.5265E+04	6.8287E+04	8.3552E+04	9.9719E+04
11.34	1.4918E+04	6.8048E+04	8.2967E+04	9.9147E+04
11.37	1.4571E+04	6.7810E+04	8.2382E+04	9.8576E+04
11.40	1.4224E+04	6.7573E+04	8.1797E+04	9.8005E+04
11.43	1.3877E+04	6.7335E+04	8.1213E+04	9.7435E+04
11.46	1.3530E+04	6.7098E+04	8.0629E+04	9.6866E+04
11.49	1.3183E+04	6.6862E+04	8.0045E+04	9.6298E+04
11.52	1.2836E+04	6.6625E+04	7.9461E+04	9.5730E+04
11.55	1.2489E+04	6.6389E+04	7.8878E+04	9.5164E+04
11.58	1.2142E+04	6.6154E+04	7.8296E+04	9.4598E+04
11.61	1.1795E+04	6.5919E+04	7.7714E+04	9.4033E+04
11.64	1.1448E+04	6.5684E+04	7.7132E+04	9.3469E+04
11.67	1.1101E+04	6.5450E+04	7.6551E+04	9.2907E+04
11.70	1.0755E+04	6.5216E+04	7.5971E+04	9.2345E+04
11.73	1.0408E+04	6.4983E+04	7.5392E+04	9.1784E+04
11.76	1.0062E+04	6.4751E+04	7.4813E+04	9.1225E+04
11.79	9.7161E+03	6.4518E+04	7.4235E+04	9.0666E+04
11.82	9.3703E+03	6.4287E+04	7.3657E+04	9.0109E+04
11.85	9.0248E+03	6.4056E+04	7.3081E+04	8.9553E+04
11.88	8.6796E+03	6.3825E+04	7.2505E+04	8.8998E+04
11.91	8.3346E+03	6.3595E+04	7.1930E+04	8.8444E+04
11.94	7.9899E+03	6.3366E+04	7.1356E+04	8.7891E+04
11.97	7.6456E+03	6.3138E+04	7.0783E+04	8.7340E+04
12.00	7.3016E+03	6.2910E+04	7.0211E+04	8.6790E+04
