0.000E+00	0.000E+00
3.000E-02	1.486E+01
6.000E-02	2.973E+01
9.000E-02	4.329E+01
1.200E-01	5.493E+01
1.500E-01	6.441E+01
1.800E-01	7.072E+01
2.100E-01	7.593E+01
2.400E-01	8.014E+01
2.700E-01	8.324E+01
3.000E-01	8.609E+01
3.300E-01	8.884E+01
3.600E-01	9.156E+01
3.900E-01	9.426E+01
4.200E-01	9.696E+01
4.500E-01	9.957E+01
4.800E-01	1.021E+02
5.100E-01	1.047E+02
5.400E-01	1.072E+02
5.700E-01	1.098E+02
6.000E-01	1.122E+02
6.300E-01	1.143E+02
6.600E-01	1.162E+02
6.900E-01	1.180E+02
7.200E-01	1.198E+02
7.500E-01	1.216E+02
7.800E-01	1.234E+02
8.100E-01	1.253E+02
8.400E-01	1.272E+02
8.700E-01	1.291E+02
9.000E-01	1.310E+02
9.300E-01	1.329E+02
9.600E-01	1.348E+02
9.900E-01	1.366E+02
1.020E+00	1.384E+02
1.050E+00	1.402E+02
1.080E+00	1.420E+02
1.110E+00	1.438E+02
1.140E+00	1.454E+02
1.170E+00	1.470E+02
1.200E+00	1.485E+02
1.230E+00	1.499E+02
1.260E+00	1.513E+02
1.290E+00	1.526E+02
1.320E+00	1.540E+02
1.350E+00	1.552E+02
1.380E+00	1.565E+02
1.410E+00	1.577E+02
1.440E+00	1.589E+02
1.470E+00	1.601E+02
1.500E+00	1.612E+02
1.530E+00	1.623E+02
1.560E+00	1.634E+02
1.590E+00	1.644E+02
1.620E+00	1.654E+02
1.650E+00	1.665E+02
1.680E+00	1.674E+02
1.710E+00	1.682E+02
1.740E+00	1.690E+02
1.770E+00	1.698E+02
1.800E+00	1.706E+02
1.830E+00	1.714E+02
1.860E+00	1.721E+02
1.890E+00	1.728E+02
1.920E+00	1.735E+02
1.950E+00	1.742E+02
1.980E+00	1.749E+02
2.010E+00	1.756E+02
2.040E+00	1.763E+02
2.070E+00	1.770E+02
2.100E+00	1.776E+02
2.130E+00	1.783E+02
2.160E+00	1.789E+02
2.190E+00	1.795E+02
2.220E+00	1.801E+02
2.250E+00	1.806E+02
2.280E+00	1.811E+02
2.310E+00	1.816E+02
2.340E+00	1.821E+02
2.370E+00	1.826E+02
2.400E+00	1.831E+02
2.430E+00	1.836E+02
2.460E+00	1.840E+02
2.490E+00	1.845E+02
2.520E+00	1.849E+02
2.550E+00	1.853E+02
2.580E+00	1.858E+02
2.610E+00	1.862E+02
2.640E+00	1.866E+02
2.670E+00	1.870E+02
2.700E+00	1.874E+02
2.730E+00	1.877E+02
2.760E+00	1.881E+02
2.790E+00	1.884E+02
2.820E+00	1.888E+02
2.850E+00	1.891E+02
2.880E+00	1.894E+02
2.910E+00	1.897E+02
2.940E+00	1.900E+02
2.970E+00	1.903E+02
3.000E+00	1.906E+02
3.030E+00	1.909E+02
3.060E+00	1.912E+02
3.090E+00	1.914E+02
3.120E+00	1.917E+02
3.150E+00	1.919E+02
3.180E+00	1.921E+02
3.210E+00	1.923E+02
3.240E+00	1.925E+02
3.270E+00	1.927E+02
3.300E+00	1.929E+02
3.330E+00	1.931E+02
3.360E+00	1.933E+02
3.390E+00	1.934E+02
3.420E+00	1.936E+02
3.450E+00	1.937E+02
3.480E+00	1.938E+02
3.510E+00	1.940E+02
3.540E+00	1.941E+02
3.570E+00	1.942E+02
3.600E+00	1.943E+02
3.630E+00	1.944E+02
3.660E+00	1.945E+02
3.690E+00	1.945E+02
3.720E+00	1.946E+02
3.750E+00	1.947E+02
3.780E+00	1.947E+02
3.810E+00	1.947E+02
3.840E+00	1.948E+02
3.870E+00	1.948E+02
3.900E+00	1.948E+02
3.930E+00	1.948E+02
3.960E+00	1.948E+02
3.990E+00	1.948E+02
4.020E+00	1.948E+02
4.050E+00	1.948E+02
4.080E+00	1.947E+02
4.110E+00	1.947E+02
4.140E+00	1.947E+02
4.170E+00	1.946E+02
4.200E+00	1.945E+02
4.230E+00	1.945E+02
4.260E+00	1.944E+02
4.290E+00	1.943E+02
4.320E+00	1.942E+02
4.350E+00	1.941E+02
4.380E+00	1.940E+02
4.410E+00	1.939E+02
4.440E+00	1.938E+02
4.470E+00	1.937E+02
4.500E+00	1.936E+02
4.530E+00	1.935E+02
4.560E+00	1.933E+02
4.590E+00	1.932E+02
4.620E+00	1.930E+02
4.650E+00	1.929E+02
4.680E+00	1.927E+02
4.710E+00	1.925E+02
4.740E+00	1.924E+02
4.770E+00	1.922E+02
4.800E+00	1.920E+02
4.830E+00	1.918E+02
4.860E+00	1.916E+02
4.890E+00	1.914E+02
4.920E+00	1.912E+02
4.950E+00	1.910E+02
4.980E+00	1.908E+02
5.010E+00	1.906E+02
5.040E+00	1.904E+02
5.070E+00	1.902E+02
5.100E+00	1.899E+02
5.130E+00	1.897E+02
5.160E+00	1.895E+02
5.190E+00	1.892E+02
5.220E+00	1.890E+02
5.250E+00	1.887E+02
5.280E+00	1.885E+02
5.310E+00	1.882E+02
5.340E+00	1.880E+02
5.370E+00	1.877E+02
5.400E+00	1.875E+02
5.430E+00	1.872E+02
5.460E+00	1.869E+02
5.490E+00	1.866E+02
5.520E+00	1.864E+02
5.550E+00	1.861E+02
5.580E+00	1.858E+02
5.610E+00	1.855E+02
5.640E+00	1.852E+02
5.670E+00	1.850E+02
5.700E+00	1.847E+02
5.730E+00	1.844E+02
5.760E+00	1.841E+02
5.790E+00	1.838E+02
5.820E+00	1.835E+02
5.850E+00	1.832E+02
5.880E+00	1.829E+02
5.910E+00	1.826E+02
5.940E+00	1.823E+02
5.970E+00	1.819E+02
6.000E+00	1.816E+02
6.030E+00	1.813E+02
6.060E+00	1.810E+02
6.090E+00	1.807E+02
6.120E+00	1.804E+02
6.150E+00	1.801E+02
6.180E+00	1.797E+02
6.210E+00	1.794E+02
6.240E+00	1.791E+02
6.270E+00	1.788E+02
6.300E+00	1.785E+02
6.330E+00	1.781E+02
6.360E+00	1.778E+02
6.390E+00	1.775E+02
6.420E+00	1.772E+02
6.450E+00	1.768E+02
6.480E+00	1.765E+02
6.510E+00	1.762E+02
6.540E+00	1.758E+02
6.570E+00	1.755E+02
6.600E+00	1.751E+02
6.630E+00	1.748E+02
6.660E+00	1.745E+02
6.690E+00	1.741E+02
6.720E+00	1.738E+02
6.750E+00	1.734E+02
6.780E+00	1.731E+02
6.810E+00	1.727E+02
6.840E+00	1.724E+02
6.870E+00	1.720E+02
6.900E+00	1.717E+02
6.930E+00	1.713E+02
6.960E+00	1.710E+02
6.990E+00	1.706E+02
7.020E+00	1.703E+02
7.050E+00	1.699E+02
7.080E+00	1.695E+02
7.110E+00	1.692E+02
7.140E+00	1.688E+02
7.170E+00	1.685E+02
7.200E+00	1.681E+02
7.230E+00	1.677E+02
7.260E+00	1.674E+02
7.290E+00	1.670E+02
7.320E+00	1.666E+02
7.350E+00	1.662E+02
7.380E+00	1.659E+02
7.410E+00	1.655E+02
7.440E+00	1.651E+02
7.470E+00	1.647E+02
7.500E+00	1.644E+02
7.530E+00	1.640E+02
7.560E+00	1.636E+02
7.590E+00	1.632E+02
7.620E+00	1.628E+02
7.650E+00	1.625E+02
7.680E+00	1.621E+02
7.710E+00	1.617E+02
7.740E+00	1.613E+02
7.770E+00	1.609E+02
7.800E+00	1.605E+02
7.830E+00	1.601E+02
7.860E+00	1.597E+02
7.890E+00	1.593E+02
7.920E+00	1.589E+02
7.950E+00	1.585E+02
7.980E+00	1.580E+02
8.010E+00	1.576E+02
8.040E+00	1.572E+02
8.070E+00	1.568E+02
8.100E+00	1.564E+02
8.130E+00	1.560E+02
8.160E+00	1.555E+02
8.190E+00	1.551E+02
8.220E+00	1.547E+02
8.250E+00	1.543E+02
8.280E+00	1.538E+02
8.310E+00	1.534E+02
8.340E+00	1.530E+02
8.370E+00	1.525E+02
8.400E+00	1.521E+02
8.430E+00	1.516E+02
8.460E+00	1.512E+02
8.490E+00	1.507E+02
8.520E+00	1.503E+02
8.550E+00	1.498E+02
8.580E+00	1.493E+02
8.610E+00	1.489E+02
8.640E+00	1.484E+02
8.670E+00	1.480E+02
8.700E+00	1.475E+02
8.730E+00	1.470E+02
8.760E+00	1.465E+02
8.790E+00	1.461E+02
8.820E+00	1.456E+02
8.850E+00	1.451E+02
8.880E+00	1.446E+02
8.910E+00	1.441E+02
8.940E+00	1.437E+02
8.970E+00	1.432E+02
9.000E+00	1.427E+02
9.030E+00	1.422E+02
9.060E+00	1.417E+02
9.090E+00	1.412E+02
9.120E+00	1.407E+02
9.150E+00	1.402E+02
9.180E+00	1.397E+02
9.210E+00	1.392E+02
9.240E+00	1.387E+02
9.270E+00	1.381E+02
9.300E+00	1.376E+02
9.330E+00	1.371E+02
9.360E+00	1.366E+02
9.390E+00	1.360E+02
9.420E+00	1.355E+02
9.450E+00	1.350E+02
9.480E+00	1.344E+02
9.510E+00	1.339E+02
9.540E+00	1.334E+02
9.570E+00	1.328E+02
9.600E+00	1.323E+02
9.630E+00	1.317E+02
9.660E+00	1.312E+02
9.690E+00	1.306E+02
9.720E+00	1.301E+02
9.750E+00	1.295E+02
9.780E+00	1.290E+02
9.810E+00	1.284E+02
9.840E+00	1.279E+02
9.870E+00	1.273E+02
9.900E+00	1.267E+02
9.930E+00	1.262E+02
9.960E+00	1.256E+02
9.990E+00	1.250E+02
1.002E+01	1.245E+02
1.005E+01	1.239E+02
1.008E+01	1.233E+02
1.011E+01	1.228E+02
1.014E+01	1.222E+02
1.017E+01	1.216E+02
1.020E+01	1.211E+02
1.023E+01	1.205E+02
1.026E+01	1.199E+02
1.029E+01	1.193E+02
1.032E+01	1.188E+02
1.035E+01	1.182E+02
1.038E+01	1.176E+02
1.041E+01	1.170E+02
1.044E+01	1.165E+02
1.047E+01	1.159E+02
1.050E+01	1.153E+02
1.053E+01	1.147E+02
1.056E+01	1.142E+02
1.059E+01	1.136E+02
1.062E+01	1.130E+02
1.065E+01	1.124E+02
1.068E+01	1.118E+02
1.071E+01	1.113E+02
1.074E+01	1.107E+02
1.077E+01	1.101E+02
1.080E+01	1.095E+02
1.083E+01	1.089E+02
1.086E+01	1.084E+02
1.089E+01	1.078E+02
1.092E+01	1.072E+02
1.095E+01	1.066E+02
1.098E+01	1.061E+02
1.101E+01	1.055E+02
1.104E+01	1.049E+02
1.107E+01	1.043E+02
1.110E+01	1.037E+02
1.113E+01	1.032E+02
1.116E+01	1.026E+02
1.119E+01	1.020E+02
1.122E+01	1.014E+02
1.125E+01	1.009E+02
1.128E+01	1.003E+02
1.131E+01	9.972E+01
1.134E+01	9.915E+01
1.137E+01	9.858E+01
1.140E+01	9.801E+01
1.143E+01	9.744E+01
1.146E+01	9.687E+01
1.149E+01	9.630E+01
1.152E+01	9.573E+01
1.155E+01	9.517E+01
1.158E+01	9.460E+01
1.161E+01	9.403E+01
1.164E+01	9.347E+01
1.167E+01	9.291E+01
1.170E+01	9.235E+01
1.173E+01	9.179E+01
1.176E+01	9.123E+01
1.179E+01	9.067E+01
1.182E+01	9.011E+01
1.185E+01	8.955E+01
1.188E+01	8.900E+01
1.191E+01	8.845E+01
1.194E+01	8.789E+01
1.197E+01	8.734E+01
1.200E+01	8.679E+01
