0.00E+00	0.0000E+00
-2.00E-04	-6.0000E+00
-4.00E-04	-1.2000E+01
-6.00E-04	-1.5188E+01
-8.00E-04	-1.6001E+01
-1.00E-03	-1.6752E+01
-1.20E-03	-1.7444E+01
-1.40E-03	-1.8081E+01
-1.60E-03	-1.8666E+01
-1.80E-03	-1.9201E+01
-2.00E-03	-1.9691E+01
-2.20E-03	-2.0137E+01
-2.40E-03	-2.0541E+01
-2.60E-03	-2.0907E+01
-2.80E-03	-2.1237E+01
-3.00E-03	-2.1532E+01
-3.20E-03	-2.1794E+01
-3.40E-03	-2.2026E+01
-3.60E-03	-2.2229E+01
-3.80E-03	-2.2404E+01
-4.00E-03	-2.2554E+01
-4.20E-03	-2.2680E+01
-4.40E-03	-2.2783E+01
-4.60E-03	-2.2864E+01
-4.80E-03	-2.2925E+01
-5.00E-03	-2.2968E+01
-5.20E-03	-2.2992E+01
-5.40E-03	-2.3000E+01
-5.60E-03	-2.2992E+01
-5.80E-03	-2.2969E+01
-6.00E-03	-2.2933E+01
-6.20E-03	-2.2883E+01
-6.40E-03	-2.2822E+01
-6.60E-03	-2.2749E+01
-6.80E-03	-2.2666E+01
-7.00E-03	-2.2573E+01
-7.20E-03	-2.2471E+01
-7.40E-03	-2.2360E+01
-7.60E-03	-2.2241E+01
-7.80E-03	-2.2115E+01
-8.00E-03	-2.1982E+01
-8.20E-03	-2.1843E+01
-8.40E-03	-2.1698E+01
-8.60E-03	-2.1548E+01
-8.80E-03	-2.1393E+01
-9.00E-03	-2.1234E+01
-9.20E-03	-2.1070E+01
-9.40E-03	-2.0903E+01
-9.60E-03	-2.0733E+01
-9.80E-03	-2.0559E+01
-1.00E-02	-2.0383E+01
-1.02E-02	-2.0204E+01
-1.04E-02	-2.0024E+01
-1.06E-02	-1.9841E+01
-1.08E-02	-1.9657E+01
-1.10E-02	-1.9471E+01
-1.12E-02	-1.9285E+01
-1.14E-02	-1.9097E+01
-1.16E-02	-1.8909E+01
-1.18E-02	-1.8720E+01
-1.20E-02	-1.8531E+01
-1.22E-02	-1.8341E+01
-1.24E-02	-1.8152E+01
-1.26E-02	-1.7962E+01
-1.28E-02	-1.7773E+01
-1.30E-02	-1.7584E+01
-1.32E-02	-1.7395E+01
-1.34E-02	-1.7207E+01
-1.36E-02	-1.7020E+01
-1.38E-02	-1.6834E+01
-1.40E-02	-1.6648E+01
-1.42E-02	-1.6464E+01
-1.44E-02	-1.6280E+01
-1.46E-02	-1.6097E+01
-1.48E-02	-1.5916E+01
-1.50E-02	-1.5736E+01
-1.52E-02	-1.5557E+01
-1.54E-02	-1.5379E+01
-1.56E-02	-1.5203E+01
-1.58E-02	-1.5028E+01
-1.60E-02	-1.4855E+01
-1.62E-02	-1.4683E+01
-1.64E-02	-1.4513E+01
-1.66E-02	-1.4344E+01
-1.68E-02	-1.4177E+01
-1.70E-02	-1.4011E+01
-1.72E-02	-1.3847E+01
-1.74E-02	-1.3685E+01
-1.76E-02	-1.3524E+01
-1.78E-02	-1.3365E+01
-1.80E-02	-1.3208E+01
-1.82E-02	-1.3052E+01
-1.84E-02	-1.2898E+01
-1.86E-02	-1.2746E+01
-1.88E-02	-1.2595E+01
-1.90E-02	-1.2447E+01
-1.92E-02	-1.2300E+01
-1.94E-02	-1.2154E+01
-1.96E-02	-1.2010E+01
-1.98E-02	-1.1869E+01
-2.00E-02	-1.1728E+01
