0.00E+00	0.0000E+00
2.00E-05	6.0000E-01
4.00E-05	1.2000E+00
6.00E-05	1.6970E+00
8.00E-05	1.6790E+00
1.00E-04	1.6607E+00
1.20E-04	1.6421E+00
1.40E-04	1.6232E+00
1.60E-04	1.6041E+00
1.80E-04	1.5847E+00
2.00E-04	1.5652E+00
2.20E-04	1.5455E+00
2.40E-04	1.5257E+00
2.60E-04	1.5058E+00
2.80E-04	1.4858E+00
3.00E-04	1.4658E+00
3.20E-04	1.4457E+00
3.40E-04	1.4256E+00
3.60E-04	1.4055E+00
3.80E-04	1.3854E+00
4.00E-04	1.3653E+00
4.20E-04	1.3453E+00
4.40E-04	1.3253E+00
4.60E-04	1.3054E+00
4.80E-04	1.2856E+00
5.00E-04	1.2660E+00
5.20E-04	1.2464E+00
5.40E-04	1.2269E+00
5.60E-04	1.2075E+00
5.80E-04	1.1883E+00
6.00E-04	1.1693E+00
6.20E-04	1.1504E+00
6.40E-04	1.1316E+00
6.60E-04	1.1130E+00
6.80E-04	1.0946E+00
7.00E-04	1.0764E+00
7.20E-04	1.0584E+00
7.40E-04	1.0405E+00
7.60E-04	1.0228E+00
7.80E-04	1.0054E+00
8.00E-04	9.8808E-01
8.20E-04	9.7100E-01
8.40E-04	9.5413E-01
8.60E-04	9.3746E-01
8.80E-04	9.2100E-01
9.00E-04	9.0475E-01
9.20E-04	8.8871E-01
9.40E-04	8.7288E-01
9.60E-04	8.5726E-01
9.80E-04	8.4186E-01
1.00E-03	8.2667E-01
1.02E-03	8.1169E-01
1.04E-03	7.9692E-01
1.06E-03	7.8237E-01
1.08E-03	7.6803E-01
1.10E-03	7.5391E-01
1.12E-03	7.3999E-01
1.14E-03	7.2629E-01
1.16E-03	7.1279E-01
1.18E-03	6.9951E-01
1.20E-03	6.8643E-01
1.22E-03	6.7356E-01
1.24E-03	6.6089E-01
1.26E-03	6.4842E-01
1.28E-03	6.3616E-01
1.30E-03	6.2409E-01
1.32E-03	6.1223E-01
1.34E-03	6.0056E-01
1.36E-03	5.8908E-01
1.38E-03	5.7780E-01
1.40E-03	5.6671E-01
1.42E-03	5.5580E-01
1.44E-03	5.4509E-01
1.46E-03	5.3455E-01
1.48E-03	5.2420E-01
1.50E-03	5.1403E-01
1.52E-03	5.0404E-01
1.54E-03	4.9422E-01
1.56E-03	4.8458E-01
1.58E-03	4.7510E-01
1.60E-03	4.6580E-01
1.62E-03	4.5666E-01
1.64E-03	4.4769E-01
1.66E-03	4.3888E-01
1.68E-03	4.3023E-01
1.70E-03	4.2173E-01
1.72E-03	4.1340E-01
1.74E-03	4.0521E-01
1.76E-03	3.9718E-01
1.78E-03	3.8929E-01
1.80E-03	3.8155E-01
1.82E-03	3.7395E-01
1.84E-03	3.6650E-01
1.86E-03	3.5918E-01
1.88E-03	3.5201E-01
1.90E-03	3.4497E-01
1.92E-03	3.3806E-01
1.94E-03	3.3128E-01
1.96E-03	3.2463E-01
1.98E-03	3.1811E-01
2.00E-03	3.1171E-01
