0.00	0.000E+00	0.000E+00	0.000E+00	0.000E+00
0.03	1.777E+04	1.777E+04	1.777E+04	2.089E+04
0.06	3.554E+04	3.554E+04	3.554E+04	4.177E+04
0.09	5.331E+04	5.331E+04	5.331E+04	6.266E+04
0.12	6.908E+04	6.913E+04	7.109E+04	8.355E+04
0.15	7.810E+04	7.863E+04	8.471E+04	9.867E+04
0.18	8.655E+04	8.770E+04	9.315E+04	1.115E+05
0.21	9.486E+04	9.666E+04	1.012E+05	1.218E+05
0.24	1.031E+05	1.056E+05	1.092E+05	1.294E+05
0.27	1.109E+05	1.142E+05	1.168E+05	1.344E+05
0.30	1.177E+05	1.222E+05	1.226E+05	1.373E+05
0.33	1.218E+05	1.263E+05	1.271E+05	1.404E+05
0.36	1.259E+05	1.305E+05	1.309E+05	1.434E+05
0.39	1.300E+05	1.346E+05	1.346E+05	1.464E+05
0.42	1.330E+05	1.379E+05	1.383E+05	1.492E+05
0.45	1.361E+05	1.413E+05	1.420E+05	1.519E+05
0.48	1.393E+05	1.444E+05	1.456E+05	1.546E+05
0.51	1.424E+05	1.474E+05	1.487E+05	1.572E+05
0.54	1.456E+05	1.505E+05	1.518E+05	1.597E+05
0.57	1.487E+05	1.535E+05	1.548E+05	1.622E+05
0.60	1.519E+05	1.564E+05	1.579E+05	1.646E+05
0.63	1.551E+05	1.583E+05	1.608E+05	1.670E+05
0.66	1.583E+05	1.602E+05	1.636E+05	1.693E+05
0.69	1.615E+05	1.622E+05	1.658E+05	1.716E+05
0.72	1.633E+05	1.641E+05	1.677E+05	1.739E+05
0.75	1.651E+05	1.659E+05	1.695E+05	1.761E+05
0.78	1.669E+05	1.677E+05	1.714E+05	1.783E+05
0.81	1.686E+05	1.695E+05	1.732E+05	1.805E+05
0.84	1.703E+05	1.712E+05	1.750E+05	1.827E+05
0.87	1.720E+05	1.729E+05	1.768E+05	1.848E+05
0.90	1.736E+05	1.746E+05	1.785E+05	1.869E+05
0.93	1.751E+05	1.762E+05	1.802E+05	1.890E+05
0.96	1.767E+05	1.778E+05	1.819E+05	1.911E+05
0.99	1.782E+05	1.794E+05	1.835E+05	1.932E+05
1.02	1.796E+05	1.809E+05	1.851E+05	1.953E+05
1.05	1.811E+05	1.824E+05	1.867E+05	1.973E+05
1.08	1.825E+05	1.839E+05	1.883E+05	1.994E+05
1.11	1.839E+05	1.854E+05	1.898E+05	2.014E+05
1.14	1.853E+05	1.868E+05	1.913E+05	2.034E+05
1.17	1.866E+05	1.882E+05	1.927E+05	2.055E+05
1.20	1.880E+05	1.896E+05	1.941E+05	2.075E+05
1.23	1.893E+05	1.910E+05	1.955E+05	2.095E+05
1.26	1.906E+05	1.923E+05	1.969E+05	2.115E+05
1.29	1.919E+05	1.936E+05	1.983E+05	2.132E+05
1.32	1.932E+05	1.949E+05	1.996E+05	2.149E+05
1.35	1.945E+05	1.962E+05	2.009E+05	2.166E+05
1.38	1.957E+05	1.975E+05	2.021E+05	2.184E+05
1.41	1.970E+05	1.987E+05	2.034E+05	2.201E+05
1.44	1.982E+05	1.999E+05	2.046E+05	2.218E+05
1.47	1.994E+05	2.011E+05	2.058E+05	2.235E+05
1.50	2.006E+05	2.023E+05	2.069E+05	2.252E+05
1.53	2.018E+05	2.034E+05	2.081E+05	2.268E+05
1.56	2.030E+05	2.046E+05	2.092E+05	2.284E+05
1.59	2.041E+05	2.057E+05	2.103E+05	2.301E+05
1.62	2.053E+05	2.068E+05	2.114E+05	2.317E+05
1.65	2.064E+05	2.079E+05	2.124E+05	2.332E+05
1.68	2.076E+05	2.090E+05	2.135E+05	2.348E+05
1.71	2.087E+05	2.101E+05	2.145E+05	2.364E+05
1.74	2.098E+05	2.111E+05	2.155E+05	2.379E+05
1.77	2.109E+05	2.122E+05	2.165E+05	2.394E+05
1.80	2.120E+05	2.132E+05	2.174E+05	2.409E+05
1.83	2.130E+05	2.142E+05	2.184E+05	2.423E+05
1.86	2.141E+05	2.152E+05	2.193E+05	2.440E+05
1.89	2.152E+05	2.162E+05	2.202E+05	2.456E+05
1.92	2.162E+05	2.171E+05	2.211E+05	2.473E+05
1.95	2.172E+05	2.181E+05	2.220E+05	2.489E+05
1.98	2.182E+05	2.190E+05	2.228E+05	2.505E+05
2.01	2.192E+05	2.200E+05	2.237E+05	2.521E+05
2.04	2.202E+05	2.209E+05	2.245E+05	2.536E+05
2.07	2.212E+05	2.218E+05	2.253E+05	2.552E+05
2.10	2.222E+05	2.227E+05	2.261E+05	2.567E+05
2.13	2.231E+05	2.236E+05	2.269E+05	2.582E+05
2.16	2.241E+05	2.244E+05	2.277E+05	2.597E+05
2.19	2.250E+05	2.253E+05	2.285E+05	2.612E+05
2.22	2.259E+05	2.261E+05	2.292E+05	2.627E+05
2.25	2.268E+05	2.270E+05	2.300E+05	2.641E+05
2.28	2.277E+05	2.278E+05	2.307E+05	2.656E+05
2.31	2.286E+05	2.286E+05	2.314E+05	2.670E+05
2.34	2.295E+05	2.294E+05	2.321E+05	2.683E+05
2.37	2.303E+05	2.302E+05	2.328E+05	2.697E+05
2.40	2.312E+05	2.310E+05	2.335E+05	2.711E+05
2.43	2.320E+05	2.317E+05	2.341E+05	2.724E+05
2.46	2.329E+05	2.325E+05	2.348E+05	2.737E+05
2.49	2.337E+05	2.332E+05	2.354E+05	2.750E+05
2.52	2.345E+05	2.340E+05	2.361E+05	2.763E+05
2.55	2.353E+05	2.347E+05	2.367E+05	2.776E+05
2.58	2.361E+05	2.354E+05	2.373E+05	2.788E+05
2.61	2.369E+05	2.361E+05	2.379E+05	2.800E+05
2.64	2.376E+05	2.368E+05	2.385E+05	2.813E+05
2.67	2.384E+05	2.375E+05	2.391E+05	2.824E+05
2.70	2.391E+05	2.382E+05	2.397E+05	2.836E+05
2.73	2.399E+05	2.389E+05	2.402E+05	2.848E+05
2.76	2.406E+05	2.395E+05	2.408E+05	2.859E+05
2.79	2.413E+05	2.402E+05	2.413E+05	2.871E+05
2.82	2.420E+05	2.408E+05	2.418E+05	2.882E+05
2.85	2.427E+05	2.415E+05	2.424E+05	2.893E+05
2.88	2.434E+05	2.421E+05	2.429E+05	2.903E+05
2.91	2.440E+05	2.427E+05	2.434E+05	2.914E+05
2.94	2.447E+05	2.433E+05	2.439E+05	2.925E+05
2.97	2.454E+05	2.439E+05	2.444E+05	2.935E+05
3.00	2.460E+05	2.445E+05	2.449E+05	2.945E+05
3.03	2.466E+05	2.451E+05	2.453E+05	2.955E+05
3.06	2.473E+05	2.456E+05	2.458E+05	2.965E+05
3.09	2.479E+05	2.462E+05	2.462E+05	2.975E+05
3.12	2.485E+05	2.468E+05	2.467E+05	2.984E+05
3.15	2.491E+05	2.473E+05	2.471E+05	2.994E+05
3.18	2.497E+05	2.478E+05	2.476E+05	3.003E+05
3.21	2.502E+05	2.484E+05	2.480E+05	3.012E+05
3.24	2.508E+05	2.489E+05	2.484E+05	3.021E+05
3.27	2.513E+05	2.494E+05	2.488E+05	3.030E+05
3.30	2.519E+05	2.499E+05	2.492E+05	3.039E+05
3.33	2.524E+05	2.504E+05	2.496E+05	3.047E+05
3.36	2.530E+05	2.509E+05	2.500E+05	3.056E+05
3.39	2.535E+05	2.514E+05	2.503E+05	3.064E+05
3.42	2.540E+05	2.518E+05	2.507E+05	3.072E+05
3.45	2.545E+05	2.523E+05	2.511E+05	3.080E+05
3.48	2.550E+05	2.528E+05	2.514E+05	3.088E+05
3.51	2.555E+05	2.532E+05	2.518E+05	3.096E+05
3.54	2.559E+05	2.536E+05	2.521E+05	3.103E+05
3.57	2.564E+05	2.541E+05	2.524E+05	3.111E+05
3.60	2.568E+05	2.545E+05	2.528E+05	3.118E+05
3.63	2.573E+05	2.549E+05	2.531E+05	3.126E+05
3.66	2.577E+05	2.553E+05	2.534E+05	3.133E+05
3.69	2.582E+05	2.557E+05	2.537E+05	3.140E+05
3.72	2.586E+05	2.561E+05	2.540E+05	3.147E+05
3.75	2.590E+05	2.565E+05	2.543E+05	3.153E+05
3.78	2.594E+05	2.569E+05	2.546E+05	3.160E+05
3.81	2.598E+05	2.572E+05	2.548E+05	3.167E+05
3.84	2.602E+05	2.576E+05	2.551E+05	3.173E+05
3.87	2.605E+05	2.580E+05	2.554E+05	3.179E+05
3.90	2.609E+05	2.583E+05	2.556E+05	3.185E+05
3.93	2.613E+05	2.586E+05	2.559E+05	3.191E+05
3.96	2.616E+05	2.590E+05	2.561E+05	3.197E+05
3.99	2.620E+05	2.593E+05	2.563E+05	3.203E+05
4.02	2.623E+05	2.596E+05	2.566E+05	3.209E+05
4.05	2.626E+05	2.599E+05	2.568E+05	3.215E+05
4.08	2.629E+05	2.602E+05	2.570E+05	3.220E+05
4.11	2.632E+05	2.605E+05	2.572E+05	3.225E+05
4.14	2.635E+05	2.608E+05	2.574E+05	3.231E+05
4.17	2.638E+05	2.611E+05	2.576E+05	3.236E+05
4.20	2.641E+05	2.614E+05	2.578E+05	3.241E+05
4.23	2.644E+05	2.616E+05	2.580E+05	3.246E+05
4.26	2.646E+05	2.619E+05	2.582E+05	3.251E+05
4.29	2.649E+05	2.621E+05	2.583E+05	3.255E+05
4.32	2.651E+05	2.624E+05	2.585E+05	3.260E+05
4.35	2.654E+05	2.626E+05	2.587E+05	3.264E+05
4.38	2.656E+05	2.628E+05	2.588E+05	3.269E+05
4.41	2.658E+05	2.631E+05	2.590E+05	3.273E+05
4.44	2.661E+05	2.633E+05	2.591E+05	3.277E+05
4.47	2.663E+05	2.635E+05	2.592E+05	3.281E+05
4.50	2.665E+05	2.637E+05	2.594E+05	3.285E+05
4.53	2.667E+05	2.639E+05	2.595E+05	3.289E+05
4.56	2.668E+05	2.640E+05	2.596E+05	3.293E+05
4.59	2.670E+05	2.642E+05	2.597E+05	3.297E+05
4.62	2.672E+05	2.644E+05	2.598E+05	3.300E+05
4.65	2.673E+05	2.646E+05	2.599E+05	3.304E+05
4.68	2.675E+05	2.647E+05	2.600E+05	3.307E+05
4.71	2.676E+05	2.648E+05	2.601E+05	3.311E+05
4.74	2.678E+05	2.650E+05	2.602E+05	3.314E+05
4.77	2.679E+05	2.651E+05	2.602E+05	3.317E+05
4.80	2.680E+05	2.652E+05	2.603E+05	3.320E+05
4.83	2.681E+05	2.654E+05	2.604E+05	3.323E+05
4.86	2.682E+05	2.655E+05	2.604E+05	3.326E+05
4.89	2.683E+05	2.656E+05	2.605E+05	3.328E+05
4.92	2.684E+05	2.657E+05	2.605E+05	3.331E+05
4.95	2.685E+05	2.658E+05	2.606E+05	3.333E+05
4.98	2.686E+05	2.658E+05	2.606E+05	3.336E+05
5.01	2.686E+05	2.659E+05	2.606E+05	3.338E+05
5.04	2.687E+05	2.660E+05	2.606E+05	3.340E+05
5.07	2.687E+05	2.660E+05	2.606E+05	3.343E+05
5.10	2.688E+05	2.661E+05	2.607E+05	3.345E+05
5.13	2.688E+05	2.661E+05	2.607E+05	3.347E+05
5.16	2.688E+05	2.662E+05	2.607E+05	3.349E+05
5.19	2.689E+05	2.662E+05	2.606E+05	3.350E+05
5.22	2.689E+05	2.662E+05	2.606E+05	3.352E+05
5.25	2.689E+05	2.662E+05	2.606E+05	3.354E+05
5.28	2.689E+05	2.662E+05	2.606E+05	3.355E+05
5.31	2.689E+05	2.662E+05	2.606E+05	3.357E+05
5.34	2.689E+05	2.662E+05	2.605E+05	3.358E+05
5.37	2.688E+05	2.662E+05	2.605E+05	3.359E+05
5.40	2.688E+05	2.662E+05	2.604E+05	3.360E+05
5.43	2.688E+05	2.662E+05	2.604E+05	3.362E+05
5.46	2.687E+05	2.661E+05	2.603E+05	3.363E+05
5.49	2.687E+05	2.661E+05	2.602E+05	3.364E+05
5.52	2.686E+05	2.660E+05	2.602E+05	3.364E+05
5.55	2.685E+05	2.660E+05	2.601E+05	3.365E+05
5.58	2.685E+05	2.659E+05	2.600E+05	3.366E+05
5.61	2.684E+05	2.658E+05	2.599E+05	3.366E+05
5.64	2.683E+05	2.658E+05	2.598E+05	3.367E+05
5.67	2.682E+05	2.657E+05	2.597E+05	3.367E+05
5.70	2.681E+05	2.656E+05	2.596E+05	3.368E+05
5.73	2.680E+05	2.655E+05	2.595E+05	3.368E+05
5.76	2.679E+05	2.654E+05	2.594E+05	3.368E+05
5.79	2.678E+05	2.653E+05	2.593E+05	3.368E+05
5.82	2.677E+05	2.652E+05	2.591E+05	3.368E+05
5.85	2.675E+05	2.650E+05	2.590E+05	3.368E+05
5.88	2.674E+05	2.649E+05	2.588E+05	3.368E+05
5.91	2.672E+05	2.648E+05	2.587E+05	3.368E+05
5.94	2.671E+05	2.646E+05	2.585E+05	3.367E+05
5.97	2.669E+05	2.645E+05	2.584E+05	3.367E+05
6.00	2.668E+05	2.643E+05	2.582E+05	3.367E+05
6.03	2.666E+05	2.642E+05	2.581E+05	3.366E+05
6.06	2.664E+05	2.640E+05	2.579E+05	3.365E+05
6.09	2.663E+05	2.638E+05	2.577E+05	3.365E+05
6.12	2.661E+05	2.637E+05	2.575E+05	3.364E+05
6.15	2.659E+05	2.635E+05	2.573E+05	3.363E+05
6.18	2.657E+05	2.633E+05	2.571E+05	3.362E+05
6.21	2.655E+05	2.631E+05	2.569E+05	3.361E+05
6.24	2.653E+05	2.629E+05	2.567E+05	3.360E+05
6.27	2.651E+05	2.627E+05	2.565E+05	3.359E+05
6.30	2.648E+05	2.625E+05	2.563E+05	3.358E+05
6.33	2.646E+05	2.623E+05	2.561E+05	3.356E+05
6.36	2.644E+05	2.620E+05	2.558E+05	3.355E+05
6.39	2.642E+05	2.618E+05	2.556E+05	3.354E+05
6.42	2.639E+05	2.616E+05	2.553E+05	3.352E+05
6.45	2.637E+05	2.613E+05	2.551E+05	3.350E+05
6.48	2.634E+05	2.611E+05	2.548E+05	3.349E+05
6.51	2.632E+05	2.608E+05	2.546E+05	3.347E+05
6.54	2.629E+05	2.606E+05	2.543E+05	3.345E+05
6.57	2.626E+05	2.603E+05	2.541E+05	3.343E+05
6.60	2.624E+05	2.601E+05	2.538E+05	3.341E+05
6.63	2.621E+05	2.598E+05	2.535E+05	3.339E+05
6.66	2.618E+05	2.595E+05	2.532E+05	3.337E+05
6.69	2.615E+05	2.592E+05	2.529E+05	3.335E+05
6.72	2.612E+05	2.589E+05	2.526E+05	3.333E+05
6.75	2.609E+05	2.586E+05	2.523E+05	3.331E+05
6.78	2.606E+05	2.583E+05	2.520E+05	3.328E+05
6.81	2.603E+05	2.580E+05	2.517E+05	3.326E+05
6.84	2.600E+05	2.577E+05	2.514E+05	3.323E+05
6.87	2.597E+05	2.574E+05	2.511E+05	3.321E+05
6.90	2.594E+05	2.571E+05	2.507E+05	3.318E+05
6.93	2.591E+05	2.568E+05	2.504E+05	3.315E+05
6.96	2.587E+05	2.564E+05	2.501E+05	3.312E+05
6.99	2.584E+05	2.561E+05	2.497E+05	3.310E+05
7.02	2.581E+05	2.558E+05	2.494E+05	3.307E+05
7.05	2.577E+05	2.554E+05	2.490E+05	3.304E+05
7.08	2.574E+05	2.551E+05	2.487E+05	3.301E+05
7.11	2.570E+05	2.547E+05	2.483E+05	3.297E+05
7.14	2.566E+05	2.544E+05	2.479E+05	3.294E+05
7.17	2.563E+05	2.540E+05	2.475E+05	3.291E+05
7.20	2.559E+05	2.537E+05	2.472E+05	3.288E+05
7.23	2.555E+05	2.533E+05	2.468E+05	3.284E+05
7.26	2.552E+05	2.529E+05	2.464E+05	3.281E+05
7.29	2.548E+05	2.525E+05	2.460E+05	3.277E+05
7.32	2.544E+05	2.522E+05	2.456E+05	3.274E+05
7.35	2.540E+05	2.518E+05	2.452E+05	3.270E+05
7.38	2.536E+05	2.514E+05	2.448E+05	3.266E+05
7.41	2.532E+05	2.510E+05	2.444E+05	3.263E+05
7.44	2.528E+05	2.506E+05	2.439E+05	3.259E+05
7.47	2.523E+05	2.502E+05	2.435E+05	3.255E+05
7.50	2.519E+05	2.497E+05	2.431E+05	3.251E+05
7.53	2.515E+05	2.493E+05	2.426E+05	3.247E+05
7.56	2.510E+05	2.489E+05	2.422E+05	3.243E+05
7.59	2.506E+05	2.485E+05	2.418E+05	3.239E+05
7.62	2.502E+05	2.480E+05	2.413E+05	3.234E+05
7.65	2.497E+05	2.476E+05	2.408E+05	3.230E+05
7.68	2.492E+05	2.472E+05	2.404E+05	3.226E+05
7.71	2.488E+05	2.467E+05	2.399E+05	3.221E+05
7.74	2.483E+05	2.463E+05	2.395E+05	3.217E+05
7.77	2.478E+05	2.458E+05	2.390E+05	3.212E+05
7.80	2.474E+05	2.453E+05	2.385E+05	3.208E+05
7.83	2.469E+05	2.449E+05	2.380E+05	3.203E+05
7.86	2.464E+05	2.444E+05	2.375E+05	3.198E+05
7.89	2.459E+05	2.439E+05	2.370E+05	3.194E+05
7.92	2.454E+05	2.434E+05	2.365E+05	3.189E+05
7.95	2.449E+05	2.429E+05	2.360E+05	3.184E+05
7.98	2.444E+05	2.424E+05	2.355E+05	3.179E+05
8.01	2.439E+05	2.419E+05	2.350E+05	3.174E+05
8.04	2.433E+05	2.414E+05	2.345E+05	3.169E+05
8.07	2.428E+05	2.409E+05	2.340E+05	3.164E+05
8.10	2.423E+05	2.404E+05	2.335E+05	3.159E+05
8.13	2.418E+05	2.399E+05	2.329E+05	3.154E+05
8.16	2.412E+05	2.393E+05	2.324E+05	3.148E+05
8.19	2.407E+05	2.388E+05	2.319E+05	3.143E+05
8.22	2.401E+05	2.383E+05	2.313E+05	3.138E+05
8.25	2.396E+05	2.377E+05	2.308E+05	3.132E+05
8.28	2.390E+05	2.372E+05	2.302E+05	3.127E+05
8.31	2.385E+05	2.366E+05	2.297E+05	3.121E+05
8.34	2.379E+05	2.361E+05	2.291E+05	3.116E+05
8.37	2.373E+05	2.355E+05	2.285E+05	3.110E+05
8.40	2.367E+05	2.350E+05	2.280E+05	3.104E+05
8.43	2.362E+05	2.344E+05	2.274E+05	3.099E+05
8.46	2.356E+05	2.338E+05	2.268E+05	3.093E+05
8.49	2.350E+05	2.332E+05	2.263E+05	3.087E+05
8.52	2.344E+05	2.327E+05	2.257E+05	3.081E+05
8.55	2.338E+05	2.321E+05	2.251E+05	3.075E+05
8.58	2.332E+05	2.315E+05	2.245E+05	3.069E+05
8.61	2.326E+05	2.309E+05	2.239E+05	3.063E+05
8.64	2.320E+05	2.303E+05	2.233E+05	3.057E+05
8.67	2.313E+05	2.297E+05	2.227E+05	3.051E+05
8.70	2.307E+05	2.291E+05	2.221E+05	3.045E+05
8.73	2.301E+05	2.285E+05	2.215E+05	3.038E+05
8.76	2.295E+05	2.278E+05	2.209E+05	3.032E+05
8.79	2.288E+05	2.272E+05	2.203E+05	3.026E+05
8.82	2.282E+05	2.266E+05	2.197E+05	3.019E+05
8.85	2.276E+05	2.260E+05	2.190E+05	3.013E+05
8.88	2.269E+05	2.253E+05	2.184E+05	3.006E+05
8.91	2.263E+05	2.247E+05	2.178E+05	3.000E+05
8.94	2.256E+05	2.241E+05	2.171E+05	2.993E+05
8.97	2.250E+05	2.234E+05	2.165E+05	2.986E+05
9.00	2.243E+05	2.228E+05	2.159E+05	2.980E+05
9.03	2.237E+05	2.221E+05	2.152E+05	2.973E+05
9.06	2.230E+05	2.215E+05	2.146E+05	2.966E+05
9.09	2.223E+05	2.208E+05	2.139E+05	2.959E+05
9.12	2.216E+05	2.201E+05	2.133E+05	2.952E+05
9.15	2.210E+05	2.195E+05	2.126E+05	2.945E+05
9.18	2.203E+05	2.188E+05	2.120E+05	2.938E+05
9.21	2.196E+05	2.181E+05	2.113E+05	2.931E+05
9.24	2.189E+05	2.175E+05	2.107E+05	2.924E+05
9.27	2.182E+05	2.168E+05	2.100E+05	2.917E+05
9.30	2.175E+05	2.161E+05	2.093E+05	2.910E+05
9.33	2.168E+05	2.154E+05	2.087E+05	2.903E+05
9.36	2.162E+05	2.147E+05	2.080E+05	2.896E+05
9.39	2.155E+05	2.140E+05	2.073E+05	2.888E+05
9.42	2.147E+05	2.133E+05	2.067E+05	2.881E+05
9.45	2.140E+05	2.126E+05	2.060E+05	2.874E+05
9.48	2.133E+05	2.120E+05	2.053E+05	2.866E+05
9.51	2.126E+05	2.113E+05	2.046E+05	2.859E+05
9.54	2.119E+05	2.105E+05	2.039E+05	2.851E+05
9.57	2.112E+05	2.098E+05	2.033E+05	2.844E+05
9.60	2.105E+05	2.091E+05	2.026E+05	2.836E+05
9.63	2.098E+05	2.084E+05	2.019E+05	2.828E+05
9.66	2.090E+05	2.077E+05	2.012E+05	2.821E+05
9.69	2.083E+05	2.070E+05	2.005E+05	2.813E+05
9.72	2.076E+05	2.063E+05	1.998E+05	2.805E+05
9.75	2.068E+05	2.056E+05	1.991E+05	2.797E+05
9.78	2.061E+05	2.048E+05	1.984E+05	2.790E+05
9.81	2.054E+05	2.041E+05	1.977E+05	2.782E+05
9.84	2.046E+05	2.034E+05	1.970E+05	2.774E+05
9.87	2.039E+05	2.027E+05	1.963E+05	2.766E+05
9.90	2.032E+05	2.019E+05	1.956E+05	2.758E+05
9.93	2.024E+05	2.012E+05	1.949E+05	2.750E+05
9.96	2.017E+05	2.005E+05	1.942E+05	2.742E+05
9.99	2.009E+05	1.997E+05	1.935E+05	2.734E+05
10.02	2.002E+05	1.990E+05	1.928E+05	2.726E+05
10.05	1.994E+05	1.983E+05	1.921E+05	2.718E+05
10.08	1.987E+05	1.975E+05	1.913E+05	2.709E+05
10.11	1.979E+05	1.968E+05	1.906E+05	2.701E+05
10.14	1.972E+05	1.960E+05	1.899E+05	2.693E+05
10.17	1.964E+05	1.953E+05	1.892E+05	2.685E+05
10.20	1.957E+05	1.945E+05	1.885E+05	2.676E+05
10.23	1.949E+05	1.938E+05	1.878E+05	2.668E+05
10.26	1.941E+05	1.931E+05	1.870E+05	2.659E+05
10.29	1.934E+05	1.923E+05	1.863E+05	2.651E+05
10.32	1.926E+05	1.916E+05	1.856E+05	2.643E+05
10.35	1.919E+05	1.908E+05	1.849E+05	2.634E+05
10.38	1.911E+05	1.901E+05	1.842E+05	2.626E+05
10.41	1.903E+05	1.893E+05	1.834E+05	2.617E+05
10.44	1.896E+05	1.885E+05	1.827E+05	2.608E+05
10.47	1.888E+05	1.878E+05	1.820E+05	2.600E+05
10.50	1.880E+05	1.870E+05	1.813E+05	2.591E+05
10.53	1.873E+05	1.863E+05	1.805E+05	2.582E+05
10.56	1.865E+05	1.855E+05	1.798E+05	2.574E+05
10.59	1.857E+05	1.848E+05	1.791E+05	2.565E+05
10.62	1.850E+05	1.840E+05	1.784E+05	2.556E+05
10.65	1.842E+05	1.833E+05	1.777E+05	2.547E+05
10.68	1.834E+05	1.825E+05	1.769E+05	2.539E+05
10.71	1.827E+05	1.817E+05	1.762E+05	2.530E+05
10.74	1.819E+05	1.810E+05	1.755E+05	2.521E+05
10.77	1.811E+05	1.802E+05	1.748E+05	2.512E+05
10.80	1.803E+05	1.795E+05	1.740E+05	2.503E+05
10.83	1.796E+05	1.787E+05	1.733E+05	2.494E+05
10.86	1.788E+05	1.779E+05	1.726E+05	2.485E+05
10.89	1.780E+05	1.772E+05	1.719E+05	2.476E+05
10.92	1.773E+05	1.764E+05	1.711E+05	2.467E+05
10.95	1.765E+05	1.757E+05	1.704E+05	2.458E+05
10.98	1.757E+05	1.749E+05	1.697E+05	2.449E+05
11.01	1.750E+05	1.742E+05	1.690E+05	2.440E+05
11.04	1.742E+05	1.734E+05	1.682E+05	2.431E+05
11.07	1.734E+05	1.726E+05	1.675E+05	2.422E+05
11.10	1.726E+05	1.719E+05	1.668E+05	2.413E+05
11.13	1.719E+05	1.711E+05	1.661E+05	2.404E+05
11.16	1.711E+05	1.704E+05	1.653E+05	2.395E+05
11.19	1.703E+05	1.696E+05	1.646E+05	2.385E+05
11.22	1.696E+05	1.688E+05	1.639E+05	2.376E+05
11.25	1.688E+05	1.681E+05	1.632E+05	2.367E+05
11.28	1.680E+05	1.673E+05	1.625E+05	2.358E+05
11.31	1.673E+05	1.666E+05	1.617E+05	2.349E+05
11.34	1.665E+05	1.658E+05	1.610E+05	2.339E+05
11.37	1.657E+05	1.651E+05	1.603E+05	2.330E+05
11.40	1.650E+05	1.643E+05	1.596E+05	2.321E+05
11.43	1.642E+05	1.636E+05	1.589E+05	2.311E+05
11.46	1.635E+05	1.628E+05	1.582E+05	2.302E+05
11.49	1.627E+05	1.621E+05	1.575E+05	2.293E+05
11.52	1.619E+05	1.613E+05	1.567E+05	2.283E+05
11.55	1.612E+05	1.606E+05	1.560E+05	2.274E+05
11.58	1.604E+05	1.598E+05	1.553E+05	2.265E+05
11.61	1.597E+05	1.591E+05	1.546E+05	2.255E+05
11.64	1.589E+05	1.583E+05	1.539E+05	2.246E+05
11.67	1.581E+05	1.576E+05	1.532E+05	2.237E+05
11.70	1.574E+05	1.569E+05	1.525E+05	2.227E+05
11.73	1.566E+05	1.561E+05	1.518E+05	2.218E+05
11.76	1.559E+05	1.554E+05	1.511E+05	2.208E+05
11.79	1.551E+05	1.546E+05	1.504E+05	2.199E+05
11.82	1.544E+05	1.539E+05	1.497E+05	2.190E+05
11.85	1.536E+05	1.532E+05	1.490E+05	2.180E+05
11.88	1.529E+05	1.524E+05	1.483E+05	2.171E+05
11.91	1.522E+05	1.517E+05	1.476E+05	2.161E+05
11.94	1.514E+05	1.510E+05	1.469E+05	2.152E+05
11.97	1.507E+05	1.502E+05	1.462E+05	2.143E+05
12.00	1.499E+05	1.495E+05	1.455E+05	2.133E+05
