0.00	0.0000E+00	0.0000E+00	0.0000E+00	0.0000E+00
0.03	1.7771E+04	1.7771E+04	1.7771E+04	1.7771E+04
0.06	3.5543E+04	3.5543E+04	3.5543E+04	3.5543E+04
0.09	5.3314E+04	5.3314E+04	5.3314E+04	5.3314E+04
0.12	6.9084E+04	6.9084E+04	6.9085E+04	6.9085E+04
0.15	7.8101E+04	7.8101E+04	7.8102E+04	7.8102E+04
0.18	8.6552E+04	8.6554E+04	8.6555E+04	8.6555E+04
0.21	9.4858E+04	9.4861E+04	9.4862E+04	9.4863E+04
0.24	1.0308E+05	1.0308E+05	1.0309E+05	1.0309E+05
0.27	1.1092E+05	1.1093E+05	1.1093E+05	1.1093E+05
0.30	1.1768E+05	1.1769E+05	1.1769E+05	1.1770E+05
0.33	1.2181E+05	1.2182E+05	1.2183E+05	1.2183E+05
0.36	1.2589E+05	1.2591E+05	1.2592E+05	1.2593E+05
0.39	1.2993E+05	1.2996E+05	1.2998E+05	1.2999E+05
0.42	1.3292E+05	1.3297E+05	1.3300E+05	1.3301E+05
0.45	1.3604E+05	1.3609E+05	1.3612E+05	1.3615E+05
0.48	1.3917E+05	1.3924E+05	1.3928E+05	1.3931E+05
0.51	1.4232E+05	1.4240E+05	1.4245E+05	1.4248E+05
0.54	1.4546E+05	1.4556E+05	1.4561E+05	1.4565E+05
0.57	1.4861E+05	1.4872E+05	1.4878E+05	1.4883E+05
0.60	1.5176E+05	1.5189E+05	1.5196E+05	1.5201E+05
0.63	1.5492E+05	1.5506E+05	1.5514E+05	1.5520E+05
0.66	1.5808E+05	1.5824E+05	1.5833E+05	1.5839E+05
0.69	1.6120E+05	1.6142E+05	1.6153E+05	1.6160E+05
0.72	1.6295E+05	1.6320E+05	1.6334E+05	1.6344E+05
0.75	1.6474E+05	1.6502E+05	1.6519E+05	1.6530E+05
0.78	1.6649E+05	1.6681E+05	1.6700E+05	1.6712E+05
0.81	1.6819E+05	1.6854E+05	1.6875E+05	1.6889E+05
0.84	1.6983E+05	1.7022E+05	1.7045E+05	1.7061E+05
0.87	1.7142E+05	1.7185E+05	1.7211E+05	1.7228E+05
0.90	1.7297E+05	1.7344E+05	1.7372E+05	1.7391E+05
0.93	1.7448E+05	1.7499E+05	1.7530E+05	1.7550E+05
0.96	1.7595E+05	1.7651E+05	1.7684E+05	1.7705E+05
0.99	1.7740E+05	1.7799E+05	1.7835E+05	1.7858E+05
1.02	1.7881E+05	1.7945E+05	1.7984E+05	1.8009E+05
1.05	1.8019E+05	1.8089E+05	1.8129E+05	1.8156E+05
1.08	1.8155E+05	1.8230E+05	1.8273E+05	1.8301E+05
1.11	1.8289E+05	1.8368E+05	1.8414E+05	1.8444E+05
1.14	1.8420E+05	1.8505E+05	1.8554E+05	1.8586E+05
1.17	1.8549E+05	1.8639E+05	1.8691E+05	1.8725E+05
1.20	1.8676E+05	1.8772E+05	1.8827E+05	1.8864E+05
1.23	1.8802E+05	1.8903E+05	1.8962E+05	1.9000E+05
1.26	1.8925E+05	1.9033E+05	1.9095E+05	1.9135E+05
1.29	1.9047E+05	1.9161E+05	1.9226E+05	1.9269E+05
1.32	1.9167E+05	1.9287E+05	1.9357E+05	1.9401E+05
1.35	1.9285E+05	1.9412E+05	1.9485E+05	1.9532E+05
1.38	1.9402E+05	1.9536E+05	1.9613E+05	1.9662E+05
1.41	1.9517E+05	1.9658E+05	1.9739E+05	1.9791E+05
1.44	1.9631E+05	1.9779E+05	1.9864E+05	1.9919E+05
1.47	1.9743E+05	1.9899E+05	1.9988E+05	2.0045E+05
1.50	1.9854E+05	2.0017E+05	2.0110E+05	2.0170E+05
1.53	1.9963E+05	2.0134E+05	2.0232E+05	2.0295E+05
1.56	2.0070E+05	2.0250E+05	2.0352E+05	2.0418E+05
1.59	2.0176E+05	2.0364E+05	2.0471E+05	2.0540E+05
1.62	2.0281E+05	2.0478E+05	2.0590E+05	2.0661E+05
1.65	2.0384E+05	2.0590E+05	2.0707E+05	2.0781E+05
1.68	2.0486E+05	2.0700E+05	2.0822E+05	2.0900E+05
1.71	2.0586E+05	2.0810E+05	2.0937E+05	2.1018E+05
1.74	2.0685E+05	2.0918E+05	2.1051E+05	2.1135E+05
1.77	2.0783E+05	2.1025E+05	2.1163E+05	2.1251E+05
1.80	2.0879E+05	2.1131E+05	2.1275E+05	2.1366E+05
1.83	2.0974E+05	2.1236E+05	2.1385E+05	2.1480E+05
1.86	2.1067E+05	2.1339E+05	2.1494E+05	2.1592E+05
1.89	2.1158E+05	2.1441E+05	2.1602E+05	2.1704E+05
1.92	2.1249E+05	2.1542E+05	2.1709E+05	2.1815E+05
1.95	2.1338E+05	2.1642E+05	2.1814E+05	2.1924E+05
1.98	2.1425E+05	2.1740E+05	2.1919E+05	2.2033E+05
2.01	2.1511E+05	2.1837E+05	2.2023E+05	2.2140E+05
2.04	2.1596E+05	2.1933E+05	2.2125E+05	2.2247E+05
2.07	2.1679E+05	2.2028E+05	2.2226E+05	2.2352E+05
2.10	2.1761E+05	2.2122E+05	2.2327E+05	2.2457E+05
2.13	2.1841E+05	2.2214E+05	2.2426E+05	2.2560E+05
2.16	2.1921E+05	2.2305E+05	2.2524E+05	2.2663E+05
2.19	2.1998E+05	2.2395E+05	2.2621E+05	2.2764E+05
2.22	2.2075E+05	2.2484E+05	2.2717E+05	2.2864E+05
2.25	2.2150E+05	2.2571E+05	2.2811E+05	2.2964E+05
2.28	2.2223E+05	2.2658E+05	2.2905E+05	2.3062E+05
2.31	2.2295E+05	2.2743E+05	2.2998E+05	2.3160E+05
2.34	2.2366E+05	2.2827E+05	2.3089E+05	2.3256E+05
2.37	2.2436E+05	2.2910E+05	2.3180E+05	2.3351E+05
2.40	2.2504E+05	2.2992E+05	2.3269E+05	2.3446E+05
2.43	2.2571E+05	2.3072E+05	2.3358E+05	2.3539E+05
2.46	2.2637E+05	2.3152E+05	2.3445E+05	2.3632E+05
2.49	2.2701E+05	2.3230E+05	2.3531E+05	2.3723E+05
2.52	2.2764E+05	2.3307E+05	2.3617E+05	2.3814E+05
2.55	2.2826E+05	2.3383E+05	2.3701E+05	2.3903E+05
2.58	2.2886E+05	2.3458E+05	2.3784E+05	2.3992E+05
2.61	2.2945E+05	2.3532E+05	2.3867E+05	2.4080E+05
2.64	2.3003E+05	2.3604E+05	2.3948E+05	2.4166E+05
2.67	2.3060E+05	2.3676E+05	2.4028E+05	2.4252E+05
2.70	2.3115E+05	2.3746E+05	2.4107E+05	2.4337E+05
2.73	2.3169E+05	2.3816E+05	2.4185E+05	2.4421E+05
2.76	2.3222E+05	2.3884E+05	2.4263E+05	2.4504E+05
2.79	2.3273E+05	2.3951E+05	2.4339E+05	2.4586E+05
2.82	2.3324E+05	2.4017E+05	2.4414E+05	2.4667E+05
2.85	2.3373E+05	2.4082E+05	2.4489E+05	2.4748E+05
2.88	2.3421E+05	2.4146E+05	2.4562E+05	2.4827E+05
2.91	2.3467E+05	2.4209E+05	2.4634E+05	2.4906E+05
2.94	2.3513E+05	2.4271E+05	2.4706E+05	2.4983E+05
2.97	2.3557E+05	2.4332E+05	2.4776E+05	2.5060E+05
3.00	2.3600E+05	2.4391E+05	2.4846E+05	2.5136E+05
3.03	2.3642E+05	2.4450E+05	2.4914E+05	2.5211E+05
3.06	2.3683E+05	2.4508E+05	2.4982E+05	2.5285E+05
3.09	2.3722E+05	2.4564E+05	2.5049E+05	2.5358E+05
3.12	2.3761E+05	2.4620E+05	2.5115E+05	2.5431E+05
3.15	2.3798E+05	2.4675E+05	2.5180E+05	2.5502E+05
3.18	2.3834E+05	2.4728E+05	2.5244E+05	2.5573E+05
3.21	2.3869E+05	2.4781E+05	2.5307E+05	2.5643E+05
3.24	2.3903E+05	2.4833E+05	2.5369E+05	2.5712E+05
3.27	2.3935E+05	2.4883E+05	2.5430E+05	2.5780E+05
3.30	2.3967E+05	2.4933E+05	2.5491E+05	2.5848E+05
3.33	2.3997E+05	2.4982E+05	2.5550E+05	2.5914E+05
3.36	2.4026E+05	2.5029E+05	2.5609E+05	2.5980E+05
3.39	2.4054E+05	2.5076E+05	2.5667E+05	2.6045E+05
3.42	2.4081E+05	2.5122E+05	2.5724E+05	2.6109E+05
3.45	2.4107E+05	2.5167E+05	2.5780E+05	2.6172E+05
3.48	2.4132E+05	2.5211E+05	2.5835E+05	2.6235E+05
3.51	2.4156E+05	2.5254E+05	2.5889E+05	2.6297E+05
3.54	2.4178E+05	2.5296E+05	2.5943E+05	2.6357E+05
3.57	2.4200E+05	2.5337E+05	2.5995E+05	2.6418E+05
3.60	2.4220E+05	2.5377E+05	2.6047E+05	2.6477E+05
3.63	2.4239E+05	2.5416E+05	2.6098E+05	2.6535E+05
3.66	2.4257E+05	2.5454E+05	2.6148E+05	2.6593E+05
3.69	2.4275E+05	2.5492E+05	2.6197E+05	2.6650E+05
3.72	2.4291E+05	2.5528E+05	2.6246E+05	2.6706E+05
3.75	2.4306E+05	2.5564E+05	2.6293E+05	2.6762E+05
3.78	2.4319E+05	2.5598E+05	2.6340E+05	2.6816E+05
3.81	2.4332E+05	2.5632E+05	2.6386E+05	2.6870E+05
3.84	2.4344E+05	2.5665E+05	2.6431E+05	2.6923E+05
3.87	2.4355E+05	2.5697E+05	2.6475E+05	2.6976E+05
3.90	2.4365E+05	2.5727E+05	2.6519E+05	2.7027E+05
3.93	2.4373E+05	2.5758E+05	2.6561E+05	2.7078E+05
3.96	2.4381E+05	2.5787E+05	2.6603E+05	2.7128E+05
3.99	2.4387E+05	2.5815E+05	2.6644E+05	2.7177E+05
4.02	2.4393E+05	2.5842E+05	2.6684E+05	2.7226E+05
4.05	2.4397E+05	2.5869E+05	2.6724E+05	2.7273E+05
4.08	2.4401E+05	2.5894E+05	2.6762E+05	2.7320E+05
4.11	2.4403E+05	2.5919E+05	2.6800E+05	2.7366E+05
4.14	2.4405E+05	2.5943E+05	2.6837E+05	2.7412E+05
4.17	2.4405E+05	2.5966E+05	2.6873E+05	2.7456E+05
4.20	2.4404E+05	2.5988E+05	2.6909E+05	2.7500E+05
4.23	2.4402E+05	2.6009E+05	2.6943E+05	2.7543E+05
4.26	2.4400E+05	2.6030E+05	2.6977E+05	2.7585E+05
4.29	2.4396E+05	2.6049E+05	2.7010E+05	2.7627E+05
4.32	2.4391E+05	2.6068E+05	2.7042E+05	2.7668E+05
4.35	2.4385E+05	2.6086E+05	2.7073E+05	2.7708E+05
4.38	2.4379E+05	2.6103E+05	2.7104E+05	2.7747E+05
4.41	2.4371E+05	2.6119E+05	2.7134E+05	2.7785E+05
4.44	2.4361E+05	2.6134E+05	2.7162E+05	2.7823E+05
4.47	2.4352E+05	2.6149E+05	2.7191E+05	2.7860E+05
4.50	2.4341E+05	2.6162E+05	2.7218E+05	2.7896E+05
4.53	2.4329E+05	2.6175E+05	2.7245E+05	2.7931E+05
4.56	2.4316E+05	2.6187E+05	2.7270E+05	2.7966E+05
4.59	2.4302E+05	2.6198E+05	2.7295E+05	2.8000E+05
4.62	2.4287E+05	2.6208E+05	2.7320E+05	2.8033E+05
4.65	2.4271E+05	2.6217E+05	2.7343E+05	2.8065E+05
4.68	2.4254E+05	2.6226E+05	2.7366E+05	2.8096E+05
4.71	2.4236E+05	2.6234E+05	2.7388E+05	2.8127E+05
4.74	2.4217E+05	2.6241E+05	2.7409E+05	2.8157E+05
4.77	2.4198E+05	2.6247E+05	2.7429E+05	2.8186E+05
4.80	2.4177E+05	2.6252E+05	2.7449E+05	2.8214E+05
4.83	2.4155E+05	2.6256E+05	2.7468E+05	2.8242E+05
4.86	2.4132E+05	2.6260E+05	2.7486E+05	2.8269E+05
4.89	2.4108E+05	2.6263E+05	2.7503E+05	2.8295E+05
4.92	2.4083E+05	2.6265E+05	2.7519E+05	2.8320E+05
4.95	2.4057E+05	2.6266E+05	2.7535E+05	2.8344E+05
4.98	2.4031E+05	2.6267E+05	2.7550E+05	2.8368E+05
5.01	2.4003E+05	2.6266E+05	2.7564E+05	2.8391E+05
5.04	2.3974E+05	2.6265E+05	2.7578E+05	2.8413E+05
5.07	2.3944E+05	2.6263E+05	2.7591E+05	2.8434E+05
5.10	2.3913E+05	2.6261E+05	2.7603E+05	2.8455E+05
5.13	2.3882E+05	2.6257E+05	2.7614E+05	2.8475E+05
5.16	2.3849E+05	2.6253E+05	2.7624E+05	2.8494E+05
5.19	2.3815E+05	2.6248E+05	2.7634E+05	2.8512E+05
5.22	2.3781E+05	2.6242E+05	2.7643E+05	2.8530E+05
5.25	2.3745E+05	2.6236E+05	2.7651E+05	2.8546E+05
5.28	2.3708E+05	2.6228E+05	2.7659E+05	2.8562E+05
5.31	2.3671E+05	2.6220E+05	2.7666E+05	2.8578E+05
5.34	2.3632E+05	2.6212E+05	2.7672E+05	2.8592E+05
5.37	2.3593E+05	2.6202E+05	2.7677E+05	2.8606E+05
5.40	2.3552E+05	2.6192E+05	2.7682E+05	2.8619E+05
5.43	2.3511E+05	2.6181E+05	2.7686E+05	2.8631E+05
5.46	2.3468E+05	2.6169E+05	2.7690E+05	2.8643E+05
5.49	2.3425E+05	2.6157E+05	2.7692E+05	2.8654E+05
5.52	2.3381E+05	2.6144E+05	2.7694E+05	2.8664E+05
5.55	2.3335E+05	2.6130E+05	2.7696E+05	2.8674E+05
5.58	2.3289E+05	2.6115E+05	2.7696E+05	2.8682E+05
5.61	2.3242E+05	2.6100E+05	2.7696E+05	2.8691E+05
5.64	2.3193E+05	2.6084E+05	2.7696E+05	2.8698E+05
5.67	2.3144E+05	2.6067E+05	2.7694E+05	2.8705E+05
5.70	2.3094E+05	2.6050E+05	2.7692E+05	2.8711E+05
5.73	2.3043E+05	2.6032E+05	2.7690E+05	2.8716E+05
5.76	2.2991E+05	2.6013E+05	2.7687E+05	2.8721E+05
5.79	2.2938E+05	2.5993E+05	2.7683E+05	2.8725E+05
5.82	2.2884E+05	2.5973E+05	2.7678E+05	2.8729E+05
5.85	2.2829E+05	2.5953E+05	2.7673E+05	2.8732E+05
5.88	2.2773E+05	2.5931E+05	2.7668E+05	2.8734E+05
5.91	2.2716E+05	2.5909E+05	2.7661E+05	2.8736E+05
5.94	2.2658E+05	2.5886E+05	2.7655E+05	2.8737E+05
5.97	2.2599E+05	2.5863E+05	2.7647E+05	2.8737E+05
6.00	2.2539E+05	2.5839E+05	2.7639E+05	2.8737E+05
6.03	2.2478E+05	2.5814E+05	2.7631E+05	2.8736E+05
6.06	2.2416E+05	2.5789E+05	2.7621E+05	2.8735E+05
6.09	2.2353E+05	2.5763E+05	2.7612E+05	2.8733E+05
6.12	2.2290E+05	2.5736E+05	2.7602E+05	2.8731E+05
6.15	2.2225E+05	2.5709E+05	2.7591E+05	2.8728E+05
6.18	2.2159E+05	2.5681E+05	2.7580E+05	2.8725E+05
6.21	2.2093E+05	2.5652E+05	2.7568E+05	2.8721E+05
6.24	2.2025E+05	2.5623E+05	2.7555E+05	2.8716E+05
6.27	2.1957E+05	2.5593E+05	2.7543E+05	2.8712E+05
6.30	2.1888E+05	2.5563E+05	2.7529E+05	2.8706E+05
6.33	2.1817E+05	2.5532E+05	2.7515E+05	2.8700E+05
6.36	2.1746E+05	2.5500E+05	2.7501E+05	2.8694E+05
6.39	2.1674E+05	2.5468E+05	2.7486E+05	2.8687E+05
6.42	2.1601E+05	2.5435E+05	2.7471E+05	2.8680E+05
6.45	2.1527E+05	2.5402E+05	2.7455E+05	2.8672E+05
6.48	2.1452E+05	2.5367E+05	2.7439E+05	2.8664E+05
6.51	2.1376E+05	2.5333E+05	2.7422E+05	2.8656E+05
6.54	2.1300E+05	2.5298E+05	2.7405E+05	2.8647E+05
6.57	2.1222E+05	2.5262E+05	2.7388E+05	2.8637E+05
6.60	2.1144E+05	2.5225E+05	2.7370E+05	2.8627E+05
6.63	2.1065E+05	2.5188E+05	2.7351E+05	2.8617E+05
6.66	2.0985E+05	2.5151E+05	2.7333E+05	2.8607E+05
6.69	2.0904E+05	2.5113E+05	2.7313E+05	2.8596E+05
6.72	2.0822E+05	2.5074E+05	2.7294E+05	2.8584E+05
6.75	2.0740E+05	2.5034E+05	2.7273E+05	2.8573E+05
6.78	2.0656E+05	2.4994E+05	2.7253E+05	2.8561E+05
6.81	2.0572E+05	2.4954E+05	2.7232E+05	2.8548E+05
6.84	2.0487E+05	2.4912E+05	2.7211E+05	2.8536E+05
6.87	2.0401E+05	2.4870E+05	2.7189E+05	2.8523E+05
6.90	2.0315E+05	2.4827E+05	2.7167E+05	2.8509E+05
6.93	2.0228E+05	2.4784E+05	2.7144E+05	2.8495E+05
6.96	2.0140E+05	2.4740E+05	2.7122E+05	2.8481E+05
6.99	2.0051E+05	2.4695E+05	2.7098E+05	2.8467E+05
7.02	1.9961E+05	2.4650E+05	2.7075E+05	2.8452E+05
7.05	1.9871E+05	2.4604E+05	2.7051E+05	2.8437E+05
7.08	1.9780E+05	2.4558E+05	2.7026E+05	2.8422E+05
7.11	1.9689E+05	2.4511E+05	2.7002E+05	2.8407E+05
7.14	1.9596E+05	2.4463E+05	2.6977E+05	2.8391E+05
7.17	1.9503E+05	2.4414E+05	2.6951E+05	2.8375E+05
7.20	1.9410E+05	2.4365E+05	2.6926E+05	2.8359E+05
7.23	1.9316E+05	2.4316E+05	2.6900E+05	2.8342E+05
7.26	1.9221E+05	2.4265E+05	2.6873E+05	2.8325E+05
7.29	1.9126E+05	2.4215E+05	2.6847E+05	2.8308E+05
7.32	1.9030E+05	2.4163E+05	2.6820E+05	2.8291E+05
7.35	1.8933E+05	2.4111E+05	2.6792E+05	2.8273E+05
7.38	1.8836E+05	2.4058E+05	2.6764E+05	2.8255E+05
7.41	1.8738E+05	2.4005E+05	2.6736E+05	2.8237E+05
7.44	1.8640E+05	2.3951E+05	2.6708E+05	2.8219E+05
7.47	1.8542E+05	2.3897E+05	2.6679E+05	2.8200E+05
7.50	1.8443E+05	2.3842E+05	2.6650E+05	2.8181E+05
7.53	1.8343E+05	2.3786E+05	2.6621E+05	2.8162E+05
7.56	1.8243E+05	2.3730E+05	2.6592E+05	2.8143E+05
7.59	1.8143E+05	2.3673E+05	2.6562E+05	2.8124E+05
7.62	1.8042E+05	2.3615E+05	2.6531E+05	2.8104E+05
7.65	1.7941E+05	2.3557E+05	2.6501E+05	2.8084E+05
7.68	1.7839E+05	2.3499E+05	2.6470E+05	2.8064E+05
7.71	1.7738E+05	2.3440E+05	2.6439E+05	2.8044E+05
7.74	1.7635E+05	2.3380E+05	2.6407E+05	2.8023E+05
7.77	1.7533E+05	2.3320E+05	2.6376E+05	2.8003E+05
7.80	1.7430E+05	2.3259E+05	2.6343E+05	2.7982E+05
7.83	1.7327E+05	2.3198E+05	2.6311E+05	2.7961E+05
7.86	1.7224E+05	2.3136E+05	2.6277E+05	2.7940E+05
7.89	1.7120E+05	2.3073E+05	2.6244E+05	2.7918E+05
7.92	1.7016E+05	2.3011E+05	2.6210E+05	2.7897E+05
7.95	1.6912E+05	2.2947E+05	2.6175E+05	2.7875E+05
7.98	1.6808E+05	2.2883E+05	2.6140E+05	2.7853E+05
8.01	1.6704E+05	2.2819E+05	2.6105E+05	2.7831E+05
8.04	1.6600E+05	2.2754E+05	2.6069E+05	2.7808E+05
8.07	1.6495E+05	2.2688E+05	2.6032E+05	2.7786E+05
8.10	1.6391E+05	2.2622E+05	2.5995E+05	2.7763E+05
8.13	1.6286E+05	2.2556E+05	2.5958E+05	2.7740E+05
8.16	1.6181E+05	2.2489E+05	2.5920E+05	2.7717E+05
8.19	1.6077E+05	2.2421E+05	2.5882E+05	2.7694E+05
8.22	1.5972E+05	2.2353E+05	2.5843E+05	2.7671E+05
8.25	1.5867E+05	2.2285E+05	2.5804E+05	2.7648E+05
8.28	1.5762E+05	2.2216E+05	2.5765E+05	2.7624E+05
8.31	1.5658E+05	2.2147E+05	2.5725E+05	2.7600E+05
8.34	1.5553E+05	2.2077E+05	2.5684E+05	2.7576E+05
8.37	1.5448E+05	2.2007E+05	2.5644E+05	2.7552E+05
8.40	1.5344E+05	2.1936E+05	2.5602E+05	2.7528E+05
8.43	1.5240E+05	2.1865E+05	2.5561E+05	2.7503E+05
8.46	1.5135E+05	2.1794E+05	2.5518E+05	2.7479E+05
8.49	1.5031E+05	2.1722E+05	2.5476E+05	2.7454E+05
8.52	1.4927E+05	2.1650E+05	2.5433E+05	2.7429E+05
8.55	1.4823E+05	2.1577E+05	2.5389E+05	2.7404E+05
8.58	1.4720E+05	2.1504E+05	2.5345E+05	2.7379E+05
8.61	1.4617E+05	2.1431E+05	2.5301E+05	2.7354E+05
8.64	1.4513E+05	2.1357E+05	2.5256E+05	2.7328E+05
8.67	1.4410E+05	2.1282E+05	2.5211E+05	2.7303E+05
8.70	1.4308E+05	2.1208E+05	2.5166E+05	2.7277E+05
8.73	1.4205E+05	2.1133E+05	2.5120E+05	2.7251E+05
8.76	1.4103E+05	2.1058E+05	2.5073E+05	2.7225E+05
8.79	1.4001E+05	2.0982E+05	2.5027E+05	2.7199E+05
8.82	1.3900E+05	2.0906E+05	2.4979E+05	2.7173E+05
8.85	1.3798E+05	2.0830E+05	2.4932E+05	2.7146E+05
8.88	1.3698E+05	2.0753E+05	2.4884E+05	2.7120E+05
8.91	1.3597E+05	2.0676E+05	2.4835E+05	2.7093E+05
8.94	1.3497E+05	2.0599E+05	2.4787E+05	2.7065E+05
8.97	1.3397E+05	2.0521E+05	2.4737E+05	2.7038E+05
9.00	1.3297E+05	2.0443E+05	2.4688E+05	2.7010E+05
9.03	1.3198E+05	2.0365E+05	2.4638E+05	2.6982E+05
9.06	1.3099E+05	2.0287E+05	2.4588E+05	2.6953E+05
9.09	1.3001E+05	2.0208E+05	2.4537E+05	2.6924E+05
9.12	1.2903E+05	2.0129E+05	2.4486E+05	2.6895E+05
9.15	1.2805E+05	2.0050E+05	2.4434E+05	2.6865E+05
9.18	1.2708E+05	1.9970E+05	2.4383E+05	2.6835E+05
9.21	1.2611E+05	1.9891E+05	2.4331E+05	2.6805E+05
9.24	1.2515E+05	1.9811E+05	2.4278E+05	2.6774E+05
9.27	1.2419E+05	1.9731E+05	2.4225E+05	2.6743E+05
9.30	1.2324E+05	1.9650E+05	2.4172E+05	2.6712E+05
9.33	1.2229E+05	1.9570E+05	2.4118E+05	2.6680E+05
9.36	1.2134E+05	1.9489E+05	2.4064E+05	2.6648E+05
9.39	1.2040E+05	1.9408E+05	2.4010E+05	2.6616E+05
9.42	1.1947E+05	1.9327E+05	2.3955E+05	2.6583E+05
9.45	1.1854E+05	1.9246E+05	2.3901E+05	2.6550E+05
9.48	1.1761E+05	1.9164E+05	2.3845E+05	2.6517E+05
9.51	1.1669E+05	1.9082E+05	2.3790E+05	2.6483E+05
9.54	1.1577E+05	1.9001E+05	2.3734E+05	2.6449E+05
9.57	1.1486E+05	1.8919E+05	2.3677E+05	2.6415E+05
9.60	1.1395E+05	1.8837E+05	2.3621E+05	2.6380E+05
9.63	1.1305E+05	1.8754E+05	2.3564E+05	2.6345E+05
9.66	1.1215E+05	1.8672E+05	2.3507E+05	2.6310E+05
9.69	1.1126E+05	1.8590E+05	2.3449E+05	2.6274E+05
9.72	1.1038E+05	1.8507E+05	2.3391E+05	2.6238E+05
9.75	1.0949E+05	1.8425E+05	2.3333E+05	2.6202E+05
9.78	1.0862E+05	1.8342E+05	2.3275E+05	2.6165E+05
9.81	1.0775E+05	1.8259E+05	2.3216E+05	2.6128E+05
9.84	1.0688E+05	1.8176E+05	2.3157E+05	2.6091E+05
9.87	1.0602E+05	1.8093E+05	2.3098E+05	2.6053E+05
9.90	1.0516E+05	1.8010E+05	2.3038E+05	2.6015E+05
9.93	1.0431E+05	1.7927E+05	2.2978E+05	2.5977E+05
9.96	1.0347E+05	1.7844E+05	2.2918E+05	2.5938E+05
9.99	1.0262E+05	1.7761E+05	2.2858E+05	2.5899E+05
10.02	1.0179E+05	1.7678E+05	2.2797E+05	2.5860E+05
10.05	1.0096E+05	1.7595E+05	2.2736E+05	2.5821E+05
10.08	1.0013E+05	1.7511E+05	2.2675E+05	2.5781E+05
10.11	9.9313E+04	1.7428E+05	2.2614E+05	2.5741E+05
10.14	9.8499E+04	1.7345E+05	2.2552E+05	2.5700E+05
10.17	9.7689E+04	1.7262E+05	2.2490E+05	2.5660E+05
10.20	9.6884E+04	1.7179E+05	2.2428E+05	2.5619E+05
10.23	9.6085E+04	1.7095E+05	2.2365E+05	2.5577E+05
10.26	9.5291E+04	1.7012E+05	2.2303E+05	2.5536E+05
10.29	9.4502E+04	1.6929E+05	2.2240E+05	2.5494E+05
10.32	9.3718E+04	1.6846E+05	2.2177E+05	2.5452E+05
10.35	9.2939E+04	1.6763E+05	2.2113E+05	2.5410E+05
10.38	9.2166E+04	1.6680E+05	2.2050E+05	2.5367E+05
10.41	9.1397E+04	1.6597E+05	2.1986E+05	2.5324E+05
10.44	9.0634E+04	1.6514E+05	2.1922E+05	2.5281E+05
10.47	8.9876E+04	1.6432E+05	2.1858E+05	2.5237E+05
10.50	8.9123E+04	1.6349E+05	2.1794E+05	2.5193E+05
10.53	8.8374E+04	1.6266E+05	2.1729E+05	2.5149E+05
10.56	8.7631E+04	1.6184E+05	2.1664E+05	2.5105E+05
10.59	8.6894E+04	1.6101E+05	2.1599E+05	2.5060E+05
10.62	8.6161E+04	1.6019E+05	2.1534E+05	2.5015E+05
10.65	8.5433E+04	1.5937E+05	2.1469E+05	2.4970E+05
10.68	8.4710E+04	1.5855E+05	2.1403E+05	2.4925E+05
10.71	8.3992E+04	1.5773E+05	2.1338E+05	2.4879E+05
10.74	8.3279E+04	1.5691E+05	2.1272E+05	2.4833E+05
10.77	8.2571E+04	1.5609E+05	2.1206E+05	2.4787E+05
10.80	8.1868E+04	1.5527E+05	2.1139E+05	2.4741E+05
10.83	8.1170E+04	1.5446E+05	2.1073E+05	2.4694E+05
10.86	8.0477E+04	1.5365E+05	2.1007E+05	2.4647E+05
10.89	7.9788E+04	1.5284E+05	2.0940E+05	2.4600E+05
10.92	7.9105E+04	1.5203E+05	2.0873E+05	2.4552E+05
10.95	7.8426E+04	1.5122E+05	2.0806E+05	2.4505E+05
10.98	7.7752E+04	1.5041E+05	2.0739E+05	2.4457E+05
11.01	7.7083E+04	1.4960E+05	2.0672E+05	2.4409E+05
11.04	7.6419E+04	1.4880E+05	2.0605E+05	2.4360E+05
11.07	7.5759E+04	1.4800E+05	2.0537E+05	2.4312E+05
11.10	7.5105E+04	1.4720E+05	2.0470E+05	2.4263E+05
11.13	7.4455E+04	1.4640E+05	2.0402E+05	2.4214E+05
11.16	7.3809E+04	1.4561E+05	2.0334E+05	2.4165E+05
11.19	7.3169E+04	1.4481E+05	2.0266E+05	2.4115E+05
11.22	7.2533E+04	1.4402E+05	2.0198E+05	2.4065E+05
11.25	7.1902E+04	1.4323E+05	2.0130E+05	2.4016E+05
11.28	7.1275E+04	1.4244E+05	2.0062E+05	2.3965E+05
11.31	7.0653E+04	1.4165E+05	1.9993E+05	2.3915E+05
11.34	7.0035E+04	1.4087E+05	1.9925E+05	2.3865E+05
11.37	6.9422E+04	1.4009E+05	1.9856E+05	2.3814E+05
11.40	6.8814E+04	1.3931E+05	1.9788E+05	2.3763E+05
11.43	6.8210E+04	1.3853E+05	1.9719E+05	2.3712E+05
11.46	6.7610E+04	1.3776E+05	1.9651E+05	2.3660E+05
11.49	6.7015E+04	1.3698E+05	1.9582E+05	2.3609E+05
11.52	6.6425E+04	1.3621E+05	1.9513E+05	2.3557E+05
11.55	6.5839E+04	1.3544E+05	1.9444E+05	2.3505E+05
11.58	6.5257E+04	1.3468E+05	1.9375E+05	2.3453E+05
11.61	6.4680E+04	1.3391E+05	1.9306E+05	2.3401E+05
11.64	6.4107E+04	1.3315E+05	1.9237E+05	2.3348E+05
11.67	6.3538E+04	1.3239E+05	1.9168E+05	2.3295E+05
11.70	6.2974E+04	1.3164E+05	1.9099E+05	2.3243E+05
11.73	6.2414E+04	1.3088E+05	1.9029E+05	2.3190E+05
11.76	6.1858E+04	1.3013E+05	1.8960E+05	2.3136E+05
11.79	6.1306E+04	1.2938E+05	1.8891E+05	2.3083E+05
11.82	6.0759E+04	1.2864E+05	1.8822E+05	2.3029E+05
11.85	6.0216E+04	1.2789E+05	1.8752E+05	2.2976E+05
11.88	5.9677E+04	1.2715E+05	1.8683E+05	2.2922E+05
11.91	5.9142E+04	1.2641E+05	1.8613E+05	2.2868E+05
11.94	5.8611E+04	1.2568E+05	1.8544E+05	2.2814E+05
11.97	5.8085E+04	1.2494E+05	1.8475E+05	2.2759E+05
12.00	5.7562E+04	1.2421E+05	1.8405E+05	2.2705E+05
