0.000E+00	0.000E+00
3.000E-02	1.507E+04
6.000E-02	3.015E+04
9.000E-02	4.500E+04
1.200E-01	5.710E+04
1.500E-01	6.906E+04
1.800E-01	7.749E+04
2.100E-01	8.423E+04
2.400E-01	9.035E+04
2.700E-01	9.574E+04
3.000E-01	1.000E+05
3.300E-01	1.042E+05
3.600E-01	1.083E+05
3.900E-01	1.123E+05
4.200E-01	1.163E+05
4.500E-01	1.202E+05
4.800E-01	1.242E+05
5.100E-01	1.280E+05
5.400E-01	1.316E+05
5.700E-01	1.351E+05
6.000E-01	1.382E+05
6.300E-01	1.413E+05
6.600E-01	1.444E+05
6.900E-01	1.475E+05
7.200E-01	1.502E+05
7.500E-01	1.527E+05
7.800E-01	1.551E+05
8.100E-01	1.574E+05
8.400E-01	1.598E+05
8.700E-01	1.621E+05
9.000E-01	1.645E+05
9.300E-01	1.668E+05
9.600E-01	1.691E+05
9.900E-01	1.713E+05
1.020E+00	1.735E+05
1.050E+00	1.756E+05
1.080E+00	1.777E+05
1.110E+00	1.797E+05
1.140E+00	1.818E+05
1.170E+00	1.838E+05
1.200E+00	1.857E+05
1.230E+00	1.877E+05
1.260E+00	1.895E+05
1.290E+00	1.912E+05
1.320E+00	1.928E+05
1.350E+00	1.942E+05
1.380E+00	1.956E+05
1.410E+00	1.970E+05
1.440E+00	1.984E+05
1.470E+00	1.997E+05
1.500E+00	2.010E+05
1.530E+00	2.022E+05
1.560E+00	2.035E+05
1.590E+00	2.047E+05
1.620E+00	2.059E+05
1.650E+00	2.072E+05
1.680E+00	2.084E+05
1.710E+00	2.096E+05
1.740E+00	2.107E+05
1.770E+00	2.117E+05
1.800E+00	2.128E+05
1.830E+00	2.138E+05
1.860E+00	2.148E+05
1.890E+00	2.158E+05
1.920E+00	2.167E+05
1.950E+00	2.177E+05
1.980E+00	2.187E+05
2.010E+00	2.196E+05
2.040E+00	2.205E+05
2.070E+00	2.214E+05
2.100E+00	2.223E+05
2.130E+00	2.232E+05
2.160E+00	2.241E+05
2.190E+00	2.249E+05
2.220E+00	2.258E+05
2.250E+00	2.266E+05
2.280E+00	2.274E+05
2.310E+00	2.283E+05
2.340E+00	2.291E+05
2.370E+00	2.299E+05
2.400E+00	2.306E+05
2.430E+00	2.314E+05
2.460E+00	2.322E+05
2.490E+00	2.329E+05
2.520E+00	2.337E+05
2.550E+00	2.344E+05
2.580E+00	2.351E+05
2.610E+00	2.358E+05
2.640E+00	2.365E+05
2.670E+00	2.372E+05
2.700E+00	2.379E+05
2.730E+00	2.386E+05
2.760E+00	2.392E+05
2.790E+00	2.399E+05
2.820E+00	2.405E+05
2.850E+00	2.412E+05
2.880E+00	2.418E+05
2.910E+00	2.424E+05
2.940E+00	2.430E+05
2.970E+00	2.436E+05
3.000E+00	2.442E+05
3.030E+00	2.448E+05
3.060E+00	2.453E+05
3.090E+00	2.459E+05
3.120E+00	2.464E+05
3.150E+00	2.470E+05
3.180E+00	2.475E+05
3.210E+00	2.480E+05
3.240E+00	2.486E+05
3.270E+00	2.491E+05
3.300E+00	2.496E+05
3.330E+00	2.500E+05
3.360E+00	2.505E+05
3.390E+00	2.510E+05
3.420E+00	2.515E+05
3.450E+00	2.519E+05
3.480E+00	2.524E+05
3.510E+00	2.528E+05
3.540E+00	2.532E+05
3.570E+00	2.536E+05
3.600E+00	2.540E+05
3.630E+00	2.545E+05
3.660E+00	2.548E+05
3.690E+00	2.552E+05
3.720E+00	2.556E+05
3.750E+00	2.560E+05
3.780E+00	2.564E+05
3.810E+00	2.567E+05
3.840E+00	2.571E+05
3.870E+00	2.574E+05
3.900E+00	2.577E+05
3.930E+00	2.580E+05
3.960E+00	2.584E+05
3.990E+00	2.587E+05
4.020E+00	2.590E+05
4.050E+00	2.593E+05
4.080E+00	2.596E+05
4.110E+00	2.598E+05
4.140E+00	2.601E+05
4.170E+00	2.604E+05
4.200E+00	2.606E+05
4.230E+00	2.609E+05
4.260E+00	2.611E+05
4.290E+00	2.613E+05
4.320E+00	2.616E+05
4.350E+00	2.618E+05
4.380E+00	2.620E+05
4.410E+00	2.622E+05
4.440E+00	2.624E+05
4.470E+00	2.626E+05
4.500E+00	2.628E+05
4.530E+00	2.630E+05
4.560E+00	2.631E+05
4.590E+00	2.633E+05
4.620E+00	2.634E+05
4.650E+00	2.636E+05
4.680E+00	2.637E+05
4.710E+00	2.639E+05
4.740E+00	2.640E+05
4.770E+00	2.641E+05
4.800E+00	2.642E+05
4.830E+00	2.644E+05
4.860E+00	2.645E+05
4.890E+00	2.646E+05
4.920E+00	2.646E+05
4.950E+00	2.647E+05
4.980E+00	2.648E+05
5.010E+00	2.649E+05
5.040E+00	2.649E+05
5.070E+00	2.650E+05
5.100E+00	2.650E+05
5.130E+00	2.651E+05
5.160E+00	2.651E+05
5.190E+00	2.652E+05
5.220E+00	2.652E+05
5.250E+00	2.652E+05
5.280E+00	2.652E+05
5.310E+00	2.652E+05
5.340E+00	2.652E+05
5.370E+00	2.652E+05
5.400E+00	2.652E+05
5.430E+00	2.652E+05
5.460E+00	2.652E+05
5.490E+00	2.652E+05
5.520E+00	2.651E+05
5.550E+00	2.651E+05
5.580E+00	2.650E+05
5.610E+00	2.650E+05
5.640E+00	2.649E+05
5.670E+00	2.649E+05
5.700E+00	2.648E+05
5.730E+00	2.647E+05
5.760E+00	2.647E+05
5.790E+00	2.646E+05
5.820E+00	2.645E+05
5.850E+00	2.644E+05
5.880E+00	2.643E+05
5.910E+00	2.642E+05
5.940E+00	2.641E+05
5.970E+00	2.639E+05
6.000E+00	2.638E+05
6.030E+00	2.637E+05
6.060E+00	2.636E+05
6.090E+00	2.634E+05
6.120E+00	2.633E+05
6.150E+00	2.631E+05
6.180E+00	2.630E+05
6.210E+00	2.628E+05
6.240E+00	2.626E+05
6.270E+00	2.625E+05
6.300E+00	2.623E+05
6.330E+00	2.621E+05
6.360E+00	2.619E+05
6.390E+00	2.617E+05
6.420E+00	2.615E+05
6.450E+00	2.613E+05
6.480E+00	2.611E+05
6.510E+00	2.609E+05
6.540E+00	2.607E+05
6.570E+00	2.605E+05
6.600E+00	2.603E+05
6.630E+00	2.600E+05
6.660E+00	2.598E+05
6.690E+00	2.595E+05
6.720E+00	2.593E+05
6.750E+00	2.591E+05
6.780E+00	2.588E+05
6.810E+00	2.585E+05
6.840E+00	2.583E+05
6.870E+00	2.580E+05
6.900E+00	2.577E+05
6.930E+00	2.575E+05
6.960E+00	2.572E+05
6.990E+00	2.569E+05
7.020E+00	2.566E+05
7.050E+00	2.563E+05
7.080E+00	2.560E+05
7.110E+00	2.557E+05
7.140E+00	2.554E+05
7.170E+00	2.550E+05
7.200E+00	2.547E+05
7.230E+00	2.544E+05
7.260E+00	2.540E+05
7.290E+00	2.537E+05
7.320E+00	2.533E+05
7.350E+00	2.530E+05
7.380E+00	2.526E+05
7.410E+00	2.522E+05
7.440E+00	2.519E+05
7.470E+00	2.515E+05
7.500E+00	2.511E+05
7.530E+00	2.507E+05
7.560E+00	2.503E+05
7.590E+00	2.499E+05
7.620E+00	2.495E+05
7.650E+00	2.491E+05
7.680E+00	2.487E+05
7.710E+00	2.482E+05
7.740E+00	2.478E+05
7.770E+00	2.474E+05
7.800E+00	2.469E+05
7.830E+00	2.465E+05
7.860E+00	2.460E+05
7.890E+00	2.455E+05
7.920E+00	2.451E+05
7.950E+00	2.446E+05
7.980E+00	2.441E+05
8.010E+00	2.437E+05
8.040E+00	2.432E+05
8.070E+00	2.427E+05
8.100E+00	2.422E+05
8.130E+00	2.417E+05
8.160E+00	2.412E+05
8.190E+00	2.406E+05
8.220E+00	2.401E+05
8.250E+00	2.396E+05
8.280E+00	2.390E+05
8.310E+00	2.385E+05
8.340E+00	2.379E+05
8.370E+00	2.374E+05
8.400E+00	2.368E+05
8.430E+00	2.363E+05
8.460E+00	2.357E+05
8.490E+00	2.351E+05
8.520E+00	2.345E+05
8.550E+00	2.339E+05
8.580E+00	2.333E+05
8.610E+00	2.327E+05
8.640E+00	2.321E+05
8.670E+00	2.315E+05
8.700E+00	2.309E+05
8.730E+00	2.303E+05
8.760E+00	2.296E+05
8.790E+00	2.290E+05
8.820E+00	2.284E+05
8.850E+00	2.277E+05
8.880E+00	2.271E+05
8.910E+00	2.264E+05
8.940E+00	2.257E+05
8.970E+00	2.251E+05
9.000E+00	2.244E+05
9.030E+00	2.237E+05
9.060E+00	2.230E+05
9.090E+00	2.223E+05
9.120E+00	2.217E+05
9.150E+00	2.210E+05
9.180E+00	2.203E+05
9.210E+00	2.196E+05
9.240E+00	2.189E+05
9.270E+00	2.182E+05
9.300E+00	2.174E+05
9.330E+00	2.167E+05
9.360E+00	2.160E+05
9.390E+00	2.153E+05
9.420E+00	2.145E+05
9.450E+00	2.138E+05
9.480E+00	2.131E+05
9.510E+00	2.123E+05
9.540E+00	2.116E+05
9.570E+00	2.109E+05
9.600E+00	2.101E+05
9.630E+00	2.094E+05
9.660E+00	2.086E+05
9.690E+00	2.079E+05
9.720E+00	2.071E+05
9.750E+00	2.063E+05
9.780E+00	2.056E+05
9.810E+00	2.048E+05
9.840E+00	2.040E+05
9.870E+00	2.033E+05
9.900E+00	2.025E+05
9.930E+00	2.017E+05
9.960E+00	2.009E+05
9.990E+00	2.001E+05
1.002E+01	1.993E+05
1.005E+01	1.985E+05
1.008E+01	1.978E+05
1.011E+01	1.970E+05
1.014E+01	1.962E+05
1.017E+01	1.954E+05
1.020E+01	1.946E+05
1.023E+01	1.937E+05
1.026E+01	1.929E+05
1.029E+01	1.921E+05
1.032E+01	1.913E+05
1.035E+01	1.905E+05
1.038E+01	1.897E+05
1.041E+01	1.889E+05
1.044E+01	1.881E+05
1.047E+01	1.872E+05
1.050E+01	1.864E+05
1.053E+01	1.856E+05
1.056E+01	1.848E+05
1.059E+01	1.839E+05
1.062E+01	1.831E+05
1.065E+01	1.823E+05
1.068E+01	1.815E+05
1.071E+01	1.806E+05
1.074E+01	1.798E+05
1.077E+01	1.790E+05
1.080E+01	1.781E+05
1.083E+01	1.773E+05
1.086E+01	1.765E+05
1.089E+01	1.756E+05
1.092E+01	1.748E+05
1.095E+01	1.740E+05
1.098E+01	1.731E+05
1.101E+01	1.723E+05
1.104E+01	1.715E+05
1.107E+01	1.706E+05
1.110E+01	1.698E+05
1.113E+01	1.689E+05
1.116E+01	1.681E+05
1.119E+01	1.673E+05
1.122E+01	1.664E+05
1.125E+01	1.656E+05
1.128E+01	1.648E+05
1.131E+01	1.639E+05
1.134E+01	1.631E+05
1.137E+01	1.622E+05
1.140E+01	1.614E+05
1.143E+01	1.606E+05
1.146E+01	1.597E+05
1.149E+01	1.589E+05
1.152E+01	1.581E+05
1.155E+01	1.572E+05
1.158E+01	1.564E+05
1.161E+01	1.556E+05
1.164E+01	1.547E+05
1.167E+01	1.539E+05
1.170E+01	1.531E+05
1.173E+01	1.522E+05
1.176E+01	1.514E+05
1.179E+01	1.506E+05
1.182E+01	1.497E+05
1.185E+01	1.489E+05
1.188E+01	1.481E+05
1.191E+01	1.473E+05
1.194E+01	1.464E+05
1.197E+01	1.456E+05
1.200E+01	1.448E+05
