-0.04	-0.59
-0.09	22.51
0.10	48.91
0.19	76.52
0.38	100.61
0.42	114.42
0.46	123.62
0.51	93.60
0.28	66.08
0.09	37.38
-0.03	15.55
-0.04	-5.20
-0.05	-16.72
0.08	-32.95
0.22	-44.57
0.21	-57.25
0.20	-67.63
0.06	-70.99
-0.22	-61.58
-0.13	-44.34
-0.15	-17.81
-0.07	6.35
0.09	37.38
0.21	60.36
0.33	82.19
0.27	94.92
0.38	108.68
0.49	122.44
0.52	99.37
0.13	51.19
-0.01	-7.53
-0.23	-35.05
-0.42	-55.68
-0.50	-66.01
-0.61	-75.16
-0.76	-90.05
-0.94	-98.00
-1.18	-87.47
-1.09	-64.46
-0.91	-43.83
-0.72	-23.20
-0.56	-0.24
-0.48	19.31
-0.22	42.20
0.07	63.91
0.20	93.81
0.35	115.62
0.58	141.99
0.69	163.82
0.88	176.38
1.20	185.40
1.62	188.57
1.50	166.74
1.45	143.71
1.34	123.04
0.97	93.30
0.88	64.53
0.55	48.60
0.48	34.82
0.47	18.68
0.21	-5.36
-0.12	-27.05
-0.52	-51.00
-0.78	-71.59
-0.97	-85.30
-1.22	-101.28
-1.37	-119.63
-1.52	-131.06
-1.56	-140.26
-1.78	-152.80
-2.06	-159.53
-2.09	-137.60
-1.96	-107.70
-1.59	-74.51
-1.26	-47.06
-1.07	-18.36
-0.74	5.64
-0.74	5.64
-0.37	33.07
0.07	60.46
0.51	86.69
0.81	119.93
0.89	133.71
1.07	150.89
1.22	164.62
1.37	177.21
1.52	185.19
1.81	208.05
2.10	222.85
2.46	231.84
2.64	238.64
2.59	221.37
2.40	197.28
2.28	172.00
-0.20	-43.14
1.93	126.10
1.64	104.39
1.42	83.78
1.34	64.23
0.97	42.56
0.75	26.56
0.60	16.28
0.21	-3.06
-0.30	-30.39
-0.70	-48.58
-1.17	-71.33
-1.36	-89.66
-1.50	-102.24
-1.58	-112.57
-1.79	-119.35
-1.98	-133.06
-2.20	-151.36
-2.28	-162.84
-2.39	-178.91
-2.61	-186.84
-2.75	-192.51
-3.03	-194.63
-3.32	-197.90
-3.27	-182.94
-3.30	-164.47
-3.07	-142.71
-2.61	-129.18
-2.29	-121.33
-1.89	-107.75
-1.21	-82.83
-0.77	-57.75
-0.12	-14.37
0.43	22.16
0.77	56.53
1.14	88.57
1.37	123.01
1.60	155.15
1.93	171.08
2.04	187.14
2.26	204.29
2.52	215.66
2.95	238.43
3.31	250.88
3.63	252.97
3.80	242.48
3.64	212.61
3.48	186.19
3.19	162.17
2.96	134.65
2.59	107.22
2.33	82.02
1.89	55.79
1.49	32.99
0.95	12.59
0.70	3.53
0.45	-0.91
0.09	-13.36
-0.63	-44.02
-1.21	-80.53
-1.61	-101.02
-2.33	-127.07
-2.37	-138.57
-2.77	-163.67
-2.88	-175.13
-3.10	-185.36
-3.32	-200.21
-3.68	-212.65
-4.14	-223.88
-4.49	-223.64
-4.41	-205.25
-4.18	-181.18
-3.85	-149.12
-3.41	-128.65
-0.38	-48.79
-2.23	-90.23
-1.34	-64.30
-0.80	-47.36
-0.26	-15.43
0.22	13.08
1.17	79.33
1.68	114.74
2.16	144.40
2.70	170.56
2.92	193.48
3.22	215.19
3.61	232.22
3.76	236.74
3.71	209.10
3.55	180.38
3.43	166.62
3.07	143.80
2.84	122.04
2.55	92.25
2.15	70.61
1.85	51.20
1.45	27.25
1.02	9.09
0.73	-8.02
0.41	-19.33
0.05	-34.08
-0.78	-69.28
-1.57	-94.13
-2.46	-122.36
-2.97	-142.78
-3.33	-158.69
-3.65	-176.92
-3.80	-190.66
-4.09	-202.00
-4.27	-211.11
-4.52	-212.09
-4.33	-186.85
-3.96	-160.58
-3.45	-132.08
-2.81	-111.76
-2.27	-94.82
-1.59	-73.36
-0.45	-36.06
-0.34	-37.29
0.50	23.27
0.84	55.33
1.64	98.62
2.04	131.79
2.31	158.14
2.95	184.23
3.10	201.43
3.39	217.38
3.65	227.59
3.70	203.34
3.44	172.38
2.99	135.78
2.26	78.61
1.96	60.35
1.63	34.05
1.09	12.50
0.37	-15.85
-0.99	-71.45
-1.70	-87.12
-2.06	-93.80
-2.49	-113.12
-3.07	-138.10
-3.43	-159.77
-3.69	-174.59
-4.09	-202.00
-4.59	-218.96
-4.52	-217.86
-4.15	-177.75
-3.70	-139.99
-2.91	-113.99
-2.27	-91.36
-1.45	-64.23
-0.83	-35.81
-0.08	-15.55
0.64	23.18
0.94	52.96
1.42	82.62
2.18	128.24
2.26	138.57
2.41	150.00
2.52	166.07
3.03	189.95
3.46	209.26
3.78	220.58
4.07	230.77
4.64	243.08
4.96	252.09
5.46	259.83
5.81	264.21
5.94	250.28
5.79	234.24
5.57	220.55
5.42	203.35
5.34	183.80
4.98	169.05
4.79	154.18
4.61	140.47
4.57	128.97
4.21	109.60
4.05	92.41
3.84	89.09
3.52	82.38
3.44	68.60
3.12	54.97
2.65	33.38
2.36	19.73
1.89	2.74
1.29	-10.69
0.47	-26.29
0.01	-43.28
-0.92	-62.27
-1.56	-80.30
-2.13	-96.06
-2.56	-109.61
-3.03	-135.82
-3.47	-158.60
-3.80	-181.44
-4.19	-196.17
-4.38	-213.34
-4.67	-226.99
-4.96	-238.33
-5.21	-245.08
-5.49	-251.81
-5.77	-253.93
-6.02	-256.07
-5.97	-231.89
-5.63	-202.13
-5.13	-172.49
-4.76	-148.51
-4.46	-124.49
-4.20	-96.99
-3.66	-69.68
-3.29	-48.01
-2.86	-31.00
-2.36	-7.12
-1.65	8.55
1.66	82.46
-0.47	34.29
0.45	54.44
1.17	75.87
1.68	103.21
2.35	121.21
2.96	133.49
3.32	157.47
3.90	175.54
4.40	197.11
4.79	211.84
5.23	227.70
5.48	236.76
5.83	243.44
5.93	227.23
5.85	212.29
5.52	188.30
5.26	175.78
4.93	149.48
4.71	128.87
4.38	115.25
8.43	195.59
3.84	79.87
3.30	58.32
2.58	29.97
1.93	9.64
1.58	-2.81
0.86	-20.79
0.22	-34.20
-0.63	-57.85
-1.60	-88.34
-2.04	-113.42
-2.97	-143.94
-3.43	-158.62
-3.68	-168.83
-3.83	-172.19
-4.00	-175.54
-4.26	-192.66
-4.55	-206.31
-4.76	-211.93
-5.05	-219.81
-5.27	-231.20
-5.69	-240.14
-6.11	-241.02
-6.32	-238.57
-6.10	-214.51
-5.80	-191.64
-5.36	-159.64
-4.82	-128.87
-4.45	-101.44
-3.98	-76.39
-3.44	-54.83
-3.07	-32.01
-2.43	-8.23
-1.71	13.21
-1.03	32.36
-0.25	45.68
0.74	68.08
1.63	92.86
2.42	122.32
2.82	138.20
3.43	155.09
3.78	166.38
4.25	182.22
4.89	200.24
5.18	217.35
5.65	228.57
6.11	242.10
5.81	211.16
5.55	185.97
4.97	152.92
4.49	115.18
4.19	92.31
3.66	70.76
3.08	49.23
2.54	25.38
2.04	13.02
1.36	-7.28
0.90	-20.81
0.04	-39.85
-0.74	-54.32
-1.41	-71.17
-2.20	-94.86
-3.09	-116.18
-3.49	-137.82
-4.10	-159.33
-4.42	-167.19
-4.71	-178.53
-4.93	-189.92
-5.18	-201.28
-5.50	-209.14
-5.85	-216.97
-6.07	-221.45
-6.18	-225.99
-6.25	-228.25
-6.24	-213.26
-5.84	-189.31
-5.58	-171.03
-5.14	-143.65
-4.64	-117.46
-4.16	-92.41
-3.80	-71.89
-3.19	-42.32
-2.50	-15.10
-1.82	4.06
-1.18	18.62
-0.36	39.99
0.10	54.67
1.27	74.65
1.88	93.85
2.20	105.17
2.59	112.98
2.89	131.23
3.85	166.34
4.43	182.10
5.50	218.29
6.18	245.51
6.61	251.00
7.10	251.82
7.16	233.33
6.72	210.56
6.46	180.75
6.23	156.69
6.02	147.61
6.01	137.23
5.79	123.54
5.51	116.81
5.29	100.81
5.04	89.45
4.68	77.00
4.46	62.16
4.17	47.36
3.85	37.20
3.56	29.31
3.17	15.74
2.74	2.19
2.24	-6.71
1.50	-14.29
0.83	-24.22
0.22	-35.35
-0.53	-54.46
-1.49	-78.04
-2.35	-102.84
-2.99	-115.10
-3.31	-126.41
-4.02	-142.09
-4.35	-159.17
-4.60	-170.53
-5.03	-186.39
-5.46	-204.55
-6.57	-233.80
-6.92	-242.79
-7.31	-242.53
-7.30	-226.39
-6.82	-195.58
-6.42	-163.56
-5.95	-136.20
-5.72	-116.74
-5.07	-84.89
-4.50	-59.90
-3.95	-37.20
-3.52	-16.73
-3.06	-3.20
-2.38	6.73
-1.85	14.45
-1.04	24.29
0.09	40.84
0.88	59.92
2.27	100.51
2.77	115.17
3.16	122.98
5.08	157.46
3.80	138.70
4.12	147.71
4.59	161.24
5.05	175.92
5.56	195.19
5.99	208.74
6.38	220.01
6.84	231.24
7.23	237.90
7.26	228.65
7.07	204.56
6.99	191.93
6.74	175.96
6.52	157.66
6.33	138.18
5.86	115.43
5.57	97.17
5.35	81.17
4.70	52.78
4.12	34.71
3.70	22.31
3.05	6.59
2.24	-7.86
1.70	-21.35
1.03	-26.67
-0.45	-41.83
-1.16	-57.50
-2.02	-82.30
-2.84	-105.97
-3.56	-129.71
-4.17	-152.37
-4.81	-168.09
-5.20	-180.51
-5.59	-186.02
-5.70	-188.25
-6.23	-204.04
-6.84	-219.78
-7.16	-223.03
-7.40	-219.41
-7.28	-202.19
-6.88	-171.32
-6.62	-153.04
-6.11	-124.55
-5.79	-109.78
-5.53	-89.19
-4.99	-66.49
-4.38	-43.83
-3.66	-20.09
-3.02	-4.37
-2.17	14.66
5.17	138.94
0.31	56.83
1.23	71.21
1.94	81.12
2.30	97.03
3.16	113.76
3.73	132.98
4.61	147.38
5.65	176.68
6.04	186.80
6.33	196.98
6.69	210.58
7.12	221.83
7.57	221.53
7.39	207.81
7.35	196.31
7.20	184.88
6.88	172.41
6.69	158.69
6.51	141.52
6.00	122.25
5.85	102.75
5.49	82.23
5.06	68.68
4.59	49.39
3.23	11.08
2.63	-3.51
1.67	-15.56
0.97	-24.32
0.01	-34.06
-1.30	-58.56
-2.09	-83.40
-2.91	-109.38
-4.12	-140.86
-4.91	-166.86
-5.44	-172.28
-5.72	-175.55
-5.94	-181.17
-6.26	-192.49
-6.72	-201.41
-7.08	-208.09
-7.25	-207.98
-7.35	-197.53
-7.20	-180.34
-6.80	-156.39
-6.22	-122.18
-5.85	-94.75
-5.24	-66.33
-4.59	-48.30
-3.98	-25.65
-3.38	-9.91
-2.42	6.76
-1.56	28.10
0.38	54.48
1.27	68.89
2.01	83.38
2.94	105.83
3.45	129.71
4.19	139.60
5.79	183.50
6.50	196.87
7.14	209.13
7.61	218.05
8.13	222.31
8.45	226.71
8.73	224.22
8.51	209.37
8.33	191.05
8.10	171.59
7.92	159.03
7.73	141.86
7.30	128.30
7.09	114.61
6.79	97.51
6.33	81.67
6.21	65.61
5.86	55.47
5.43	41.91
5.11	31.75
4.57	19.42
4.11	7.04
3.64	-4.18
3.22	-9.67
2.44	-16.07
1.49	-23.51
0.26	-31.92
-0.27	-36.18
-0.92	-62.27
-2.37	-86.68
-2.83	-96.75
-3.33	-111.41
-3.83	-120.30
-4.22	-129.27
-4.93	-144.94
-5.50	-156.09
-5.93	-168.49
-6.46	-178.52
-7.00	-194.31
-7.46	-204.38
-7.89	-209.86
-8.28	-216.52
-8.59	-220.92
-8.77	-216.20
-8.54	-194.44
-8.22	-178.51
-8.07	-161.31
-7.88	-148.75
-7.88	-139.53
-7.56	-130.52
-7.37	-117.95
-7.12	-100.83
-6.61	-76.95
-5.93	-50.88
-5.53	-38.46
-5.14	-22.57
-4.82	-10.10
-4.07	0.93
-0.02	32.84
-2.45	14.85
-1.43	22.24
-0.05	40.93
1.09	57.48
2.01	71.86
2.97	91.97
3.61	106.54
4.17	116.54
4.17	116.54
4.60	130.09
5.46	149.13
5.95	158.03
6.38	166.97
7.02	181.53
7.38	192.83
7.70	199.54
8.06	208.52
8.59	213.94
8.79	205.73
8.53	188.60
8.28	174.93
8.13	158.89
7.80	141.81
7.55	122.38
7.36	104.05
7.04	92.74
6.71	73.35
6.21	62.15
5.82	47.42
5.25	31.66
4.64	9.00
3.93	-3.22
2.90	-15.22
1.81	-24.87
0.43	-34.34
-0.49	-45.26
-1.20	-59.78
-1.94	-76.58
-2.65	-86.49
-3.22	-96.49
-3.68	-110.02
-4.50	-124.47
-5.31	-135.46
-5.95	-148.88
-6.49	-162.36
-7.20	-173.42
-7.66	-184.64
-8.08	-191.28
-8.47	-197.94
-8.86	-198.84
-8.78	-178.14
-8.44	-149.53
-7.83	-116.50
-7.25	-86.90
-6.64	-59.63
-1.92	19.11
-5.21	-20.22
-3.93	0.84
-3.26	10.77
2.39	63.53
3.34	77.89
4.09	95.84
4.70	108.13
5.27	121.58
5.98	136.10
6.48	148.46
6.94	163.14
7.33	176.72
7.69	185.70
8.05	195.84
8.54	202.44
8.82	198.79
8.71	183.88
8.45	162.14
8.23	150.75
7.83	132.57
7.47	110.90
6.99	80.08
6.46	59.68
5.96	45.02
5.28	24.72
4.64	13.61
3.78	-6.58
2.65	-18.52
0.37	-26.23
-1.62	-58.35
-2.46	-67.01
-3.31	-79.13
-3.95	-91.39
-4.73	-103.56
-5.41	-118.10
-6.05	-130.36
-6.86	-147.12
-7.29	-158.37
-7.90	-172.95
-8.50	-184.09
-8.86	-189.62
-8.88	-179.22
-8.69	-150.52
-8.08	-122.10
-7.43	-90.24
-6.92	-65.21
-6.10	-40.39
-5.03	-14.58
-3.33	9.67
-0.20	27.19
1.33	52.70
3.02	72.33
4.27	99.18
5.69	127.07
6.83	155.14
7.62	182.29
9.46	208.75
9.95	213.03
10.16	208.28
10.05	191.06
9.83	176.22
9.50	156.83
9.24	131.64
8.81	115.78
8.48	102.16
8.30	86.13
7.90	74.86
7.68	54.26
7.28	32.61
6.67	14.57
5.58	1.45
4.59	-9.42
3.46	-13.29
2.26	-22.87
-1.47	-50.37
-2.56	-58.87
-3.27	-69.94
-4.02	-82.13
-4.62	-90.95
-5.22	-100.93
-5.97	-111.97
-6.54	-125.43
-7.28	-143.38
-7.92	-157.95
-8.53	-173.69
-9.10	-183.69
-9.53	-194.94
-10.02	-198.07
-10.26	-189.84
-9.89	-168.17
-9.39	-144.29
-8.91	-112.32
-8.37	-87.31
-7.97	-65.67
-7.11	-40.87
-6.54	-21.64
-5.97	-7.03
-5.12	5.09
-4.21	9.10
-3.15	11.86
-1.95	20.29
1.39	38.82
2.17	49.84
2.49	55.39
2.88	60.90
3.65	66.15
4.12	77.38
4.75	80.42
5.50	100.67
6.10	108.35
6.70	119.48
7.06	129.62
8.38	158.73
8.81	174.59
9.27	183.50
9.63	193.65
10.08	197.95
-4.82	-72.37
10.03	172.62
9.78	154.34
9.48	133.78
9.16	120.16
9.12	112.11
8.97	94.91
8.61	82.47
8.25	72.33
7.72	56.54
7.33	47.57
7.04	40.84
6.72	27.22
6.29	18.28
5.51	6.11
5.01	-2.78
4.24	-8.04
3.18	-13.10
1.81	-21.42
0.54	-28.65
-0.94	-39.20
-1.86	-46.66
-2.95	-57.47
-3.62	-67.40
-4.19	-77.40
-4.90	-87.31
-5.68	-100.63
-6.24	-109.48
-7.09	-121.60
-7.77	-132.68
-8.48	-143.74
-9.12	-161.77
-9.72	-174.05
-10.22	-180.64
-10.39	-174.76
-9.99	-154.27
-9.77	-130.20
-9.19	-105.22
-8.57	-75.64
-7.71	-45.08
-6.75	-20.35
-5.90	-2.47
-2.45	16.00
0.37	36.04
1.96	46.52
3.19	57.23
4.14	62.37
5.03	76.77
5.98	92.28
6.77	112.52
7.98	135.93
8.62	153.95
9.22	167.39
9.76	182.03
10.18	189.82
10.39	185.07
10.10	166.81
9.84	148.53
9.69	132.49
9.19	106.30
8.57	79.03
8.35	66.49
8.03	50.57
7.32	34.89
6.78	21.41
6.08	12.66
4.97	-9.68
3.14	-21.15
1.24	-26.81
-0.69	-41.66
-2.03	-48.85
-3.02	-52.81
-3.94	-64.88
-5.92	-88.94
-6.48	-96.64
-7.23	-111.13
-7.90	-119.91
-8.51	-134.50
-9.08	-147.96
-9.68	-157.94
-10.14	-166.86
-10.42	-171.28
-10.34	-150.58
-9.80	-120.96
-9.14	-87.95
-8.43	-60.75
-7.39	-30.31
-6.64	-13.51
-5.44	0.69
-4.38	9.21
