0	0 8.2482E-01	8.7760E-01	8.7885E-01	8.7885E-01
0	300 8.2121E-01	8.8152E-01	8.8327E-01	8.8327E-01
0	600 7.5772E-01	8.3139E-01	8.3480E-01	8.3480E-01
300	0 7.0192E-01	7.8398E-01	7.8695E-01	7.8695E-01
300	300 6.9872E-01	7.9257E-01	7.9652E-01	7.9652E-01
300	600 5.6889E-01	6.8629E-01	6.9411E-01	6.9411E-01
600	0 6.2433E-01	7.4310E-01	7.4782E-01	7.4782E-01
600	300 6.1896E-01	7.5335E-01	7.5942E-01	7.5942E-01
600	600 4.5055E-01	6.2399E-01	6.3612E-01	6.3612E-01
600	0 4.0830E-01	5.0679E-01	5.1629E-01	5.1629E-01
600	300 4.0723E-01	5.4914E-01	5.6841E-01	5.6841E-01
600	600 4.4089E-01	6.8293E-01	7.3460E-01	7.3460E-01
900	0 1.4002E-01	2.0373E-01	2.1019E-01	2.1019E-01
900	300 1.2903E-01	2.4179E-01	2.6202E-01	2.6202E-01
900	600 1.8551E-01	4.5452E-01	5.2204E-01	5.2204E-01
1200	0 1.0093E-03	1.0093E-03	1.0093E-03	1.0093E-03
1200	300 2.7151E-12	4.6092E-12	2.7988E-06	1.8120E-03
1200	600 1.7672E-02	7.2228E-02	9.2843E-02	9.4032E-02
0	600 7.0251E-01	8.7737E-01	9.1492E-01	9.2515E-01
0	900 5.7504E-01	7.9987E-01	8.6210E-01	8.8035E-01
0	1200 3.3946E-01	5.6449E-01	6.5588E-01	7.0156E-01
300	600 6.1573E-01	8.1258E-01	8.6233E-01	8.7816E-01
300	900 4.6047E-01	7.0051E-01	7.8032E-01	8.0803E-01
300	1200 2.1126E-01	4.0164E-01	4.9894E-01	5.5750E-01
600	600 5.5845E-01	7.9870E-01	8.6408E-01	8.7951E-01
600	900 3.9128E-01	6.7986E-01	7.8373E-01	8.1095E-01
600	1200 1.5477E-01	3.6441E-01	4.9532E-01	5.5706E-01
600	600 2.0075E-01	4.6278E-01	6.2896E-01	7.0350E-01
600	900 2.0214E-01	4.7190E-01	6.4403E-01	7.1479E-01
600	1200 2.5914E-01	5.2146E-01	6.4883E-01	7.0581E-01
900	600 1.4410E-01	4.1011E-01	5.9825E-01	6.8220E-01
900	900 1.4281E-01	4.1745E-01	6.1252E-01	6.9260E-01
900	1200 2.0111E-01	4.6929E-01	6.1375E-01	6.7936E-01
1200	600 6.0823E-02	3.1120E-01	5.8987E-01	6.9354E-01
1200	900 5.1051E-02	3.1486E-01	6.0468E-01	7.0259E-01
1200	1200 9.1255E-02	3.6610E-01	5.9390E-01	6.7970E-01