0.00	0.0000E+00	0.0000E+00	0.0000E+00	0.0000E+00	0.0000E+00	0.0000E+00
0.03	1.7771E+04	1.7771E+04	1.7771E+04	1.7771E+04	1.7771E+04	1.7771E+04
0.06	3.5543E+04	3.5543E+04	3.5543E+04	3.5543E+04	3.5543E+04	3.5543E+04
0.09	4.6759E+04	5.0497E+04	5.3314E+04	5.3314E+04	5.3314E+04	5.3314E+04
0.12	5.5617E+04	5.9576E+04	6.5362E+04	6.9085E+04	7.1085E+04	7.1085E+04
0.15	6.4304E+04	6.8236E+04	7.4147E+04	7.8102E+04	8.3897E+04	8.8857E+04
0.18	7.1713E+04	7.6814E+04	8.2630E+04	8.6554E+04	9.2507E+04	1.0239E+05
0.21	7.6301E+04	8.4345E+04	9.1033E+04	9.4861E+04	1.0069E+05	1.1076E+05
0.24	8.0667E+04	8.9084E+04	9.9050E+04	1.0308E+05	1.0874E+05	1.1853E+05
0.27	8.4295E+04	9.3588E+04	1.0558E+05	1.1093E+05	1.1670E+05	1.2609E+05
0.30	8.7994E+04	9.7323E+04	1.0988E+05	1.1769E+05	1.2459E+05	1.3352E+05
0.33	9.1692E+04	1.0086E+05	1.1415E+05	1.2182E+05	1.3146E+05	1.4085E+05
0.36	9.5370E+04	1.0444E+05	1.1790E+05	1.2592E+05	1.3709E+05	1.4810E+05
0.39	9.9028E+04	1.0801E+05	1.2115E+05	1.2997E+05	1.4091E+05	1.5484E+05
0.42	1.0267E+05	1.1156E+05	1.2449E+05	1.3298E+05	1.4467E+05	1.6091E+05
0.45	1.0629E+05	1.1510E+05	1.2782E+05	1.3611E+05	1.4840E+05	1.6537E+05
0.48	1.0903E+05	1.1863E+05	1.3116E+05	1.3926E+05	1.5129E+05	1.6859E+05
0.51	1.1122E+05	1.2215E+05	1.3449E+05	1.4242E+05	1.5407E+05	1.7173E+05
0.54	1.1337E+05	1.2534E+05	1.3781E+05	1.4558E+05	1.5691E+05	1.7485E+05
0.57	1.1543E+05	1.2743E+05	1.4114E+05	1.4875E+05	1.5978E+05	1.7783E+05
0.60	1.1742E+05	1.2953E+05	1.4446E+05	1.5192E+05	1.6266E+05	1.7996E+05
0.63	1.1933E+05	1.3155E+05	1.4779E+05	1.5510E+05	1.6557E+05	1.8224E+05
0.66	1.2118E+05	1.3350E+05	1.4974E+05	1.5828E+05	1.6849E+05	1.8461E+05
0.69	1.2298E+05	1.3539E+05	1.5169E+05	1.6148E+05	1.7144E+05	1.8702E+05
0.72	1.2473E+05	1.3722E+05	1.5359E+05	1.6326E+05	1.7440E+05	1.8949E+05
0.75	1.2643E+05	1.3899E+05	1.5544E+05	1.6510E+05	1.7737E+05	1.9200E+05
0.78	1.2810E+05	1.4071E+05	1.5722E+05	1.6689E+05	1.7994E+05	1.9456E+05
0.81	1.2973E+05	1.4238E+05	1.5894E+05	1.6864E+05	1.8156E+05	1.9716E+05
0.84	1.3133E+05	1.4403E+05	1.6062E+05	1.7033E+05	1.8322E+05	1.9980E+05
0.87	1.3289E+05	1.4563E+05	1.6226E+05	1.7197E+05	1.8484E+05	2.0248E+05
0.90	1.3443E+05	1.4721E+05	1.6386E+05	1.7357E+05	1.8643E+05	2.0456E+05
0.93	1.3595E+05	1.4875E+05	1.6543E+05	1.7513E+05	1.8797E+05	2.0592E+05
0.96	1.3744E+05	1.5027E+05	1.6696E+05	1.7666E+05	1.8947E+05	2.0731E+05
0.99	1.3890E+05	1.5177E+05	1.6847E+05	1.7816E+05	1.9094E+05	2.0870E+05
1.02	1.4034E+05	1.5324E+05	1.6994E+05	1.7962E+05	1.9238E+05	2.1005E+05
1.05	1.4176E+05	1.5469E+05	1.7140E+05	1.8107E+05	1.9379E+05	2.1138E+05
1.08	1.4316E+05	1.5611E+05	1.7283E+05	1.8249E+05	1.9518E+05	2.1269E+05
1.11	1.4454E+05	1.5752E+05	1.7424E+05	1.8389E+05	1.9655E+05	2.1397E+05
1.14	1.4590E+05	1.5891E+05	1.7563E+05	1.8527E+05	1.9789E+05	2.1523E+05
1.17	1.4723E+05	1.6027E+05	1.7701E+05	1.8663E+05	1.9922E+05	2.1647E+05
1.20	1.4855E+05	1.6162E+05	1.7836E+05	1.8797E+05	2.0053E+05	2.1769E+05
1.23	1.4986E+05	1.6295E+05	1.7970E+05	1.8930E+05	2.0182E+05	2.1890E+05
1.26	1.5114E+05	1.6427E+05	1.8103E+05	1.9061E+05	2.0310E+05	2.2010E+05
1.29	1.5240E+05	1.6557E+05	1.8233E+05	1.9191E+05	2.0437E+05	2.2128E+05
1.32	1.5365E+05	1.6685E+05	1.8363E+05	1.9319E+05	2.0562E+05	2.2245E+05
1.35	1.5488E+05	1.6812E+05	1.8490E+05	1.9446E+05	2.0686E+05	2.2361E+05
1.38	1.5610E+05	1.6937E+05	1.8616E+05	1.9571E+05	2.0808E+05	2.2477E+05
1.41	1.5730E+05	1.7060E+05	1.8741E+05	1.9696E+05	2.0930E+05	2.2591E+05
1.44	1.5848E+05	1.7182E+05	1.8864E+05	1.9818E+05	2.1050E+05	2.2705E+05
1.47	1.5964E+05	1.7302E+05	1.8986E+05	1.9940E+05	2.1169E+05	2.2817E+05
1.50	1.6079E+05	1.7421E+05	1.9107E+05	2.0060E+05	2.1288E+05	2.2929E+05
1.53	1.6193E+05	1.7538E+05	1.9227E+05	2.0179E+05	2.1405E+05	2.3040E+05
1.56	1.6305E+05	1.7654E+05	1.9345E+05	2.0297E+05	2.1521E+05	2.3150E+05
1.59	1.6415E+05	1.7768E+05	1.9461E+05	2.0414E+05	2.1636E+05	2.3259E+05
1.62	1.6524E+05	1.7881E+05	1.9577E+05	2.0529E+05	2.1750E+05	2.3368E+05
1.65	1.6632E+05	1.7992E+05	1.9691E+05	2.0643E+05	2.1863E+05	2.3476E+05
1.68	1.6738E+05	1.8102E+05	1.9804E+05	2.0757E+05	2.1974E+05	2.3583E+05
1.71	1.6842E+05	1.8211E+05	1.9915E+05	2.0869E+05	2.2085E+05	2.3689E+05
1.74	1.6946E+05	1.8318E+05	2.0026E+05	2.0979E+05	2.2195E+05	2.3794E+05
1.77	1.7047E+05	1.8424E+05	2.0135E+05	2.1089E+05	2.2304E+05	2.3899E+05
1.80	1.7148E+05	1.8529E+05	2.0242E+05	2.1197E+05	2.2412E+05	2.4003E+05
1.83	1.7247E+05	1.8632E+05	2.0349E+05	2.1305E+05	2.2518E+05	2.4106E+05
1.86	1.7345E+05	1.8734E+05	2.0454E+05	2.1411E+05	2.2624E+05	2.4207E+05
1.89	1.7441E+05	1.8835E+05	2.0558E+05	2.1515E+05	2.2729E+05	2.4308E+05
1.92	1.7536E+05	1.8934E+05	2.0661E+05	2.1619E+05	2.2832E+05	2.4409E+05
1.95	1.7630E+05	1.9032E+05	2.0762E+05	2.1721E+05	2.2935E+05	2.4508E+05
1.98	1.7723E+05	1.9129E+05	2.0863E+05	2.1823E+05	2.3036E+05	2.4607E+05
2.01	1.7814E+05	1.9224E+05	2.0962E+05	2.1923E+05	2.3136E+05	2.4705E+05
2.04	1.7904E+05	1.9318E+05	2.1059E+05	2.2022E+05	2.3235E+05	2.4801E+05
2.07	1.7993E+05	1.9411E+05	2.1156E+05	2.2119E+05	2.3333E+05	2.4897E+05
2.10	1.8080E+05	1.9503E+05	2.1252E+05	2.2216E+05	2.3430E+05	2.4992E+05
2.13	1.8167E+05	1.9594E+05	2.1346E+05	2.2312E+05	2.3526E+05	2.5086E+05
2.16	1.8252E+05	1.9683E+05	2.1439E+05	2.2406E+05	2.3621E+05	2.5179E+05
2.19	1.8336E+05	1.9771E+05	2.1531E+05	2.2499E+05	2.3715E+05	2.5271E+05
2.22	1.8419E+05	1.9858E+05	2.1622E+05	2.2591E+05	2.3807E+05	2.5362E+05
2.25	1.8500E+05	1.9944E+05	2.1711E+05	2.2682E+05	2.3899E+05	2.5452E+05
2.28	1.8581E+05	2.0029E+05	2.1800E+05	2.2772E+05	2.3989E+05	2.5541E+05
2.31	1.8660E+05	2.0112E+05	2.1887E+05	2.2860E+05	2.4078E+05	2.5629E+05
2.34	1.8738E+05	2.0195E+05	2.1973E+05	2.2948E+05	2.4167E+05	2.5716E+05
2.37	1.8815E+05	2.0276E+05	2.2058E+05	2.3034E+05	2.4254E+05	2.5801E+05
2.40	1.8891E+05	2.0356E+05	2.2142E+05	2.3120E+05	2.4340E+05	2.5886E+05
2.43	1.8966E+05	2.0435E+05	2.2225E+05	2.3204E+05	2.4425E+05	2.5970E+05
2.46	1.9040E+05	2.0513E+05	2.2307E+05	2.3287E+05	2.4509E+05	2.6053E+05
2.49	1.9113E+05	2.0590E+05	2.2387E+05	2.3369E+05	2.4592E+05	2.6135E+05
2.52	1.9184E+05	2.0665E+05	2.2467E+05	2.3450E+05	2.4673E+05	2.6216E+05
2.55	1.9255E+05	2.0740E+05	2.2545E+05	2.3529E+05	2.4754E+05	2.6295E+05
2.58	1.9325E+05	2.0814E+05	2.2622E+05	2.3608E+05	2.4833E+05	2.6374E+05
2.61	1.9393E+05	2.0886E+05	2.2699E+05	2.3686E+05	2.4912E+05	2.6452E+05
2.64	1.9461E+05	2.0958E+05	2.2774E+05	2.3762E+05	2.4989E+05	2.6528E+05
2.67	1.9527E+05	2.1028E+05	2.2848E+05	2.3838E+05	2.5066E+05	2.6604E+05
2.70	1.9593E+05	2.1098E+05	2.2921E+05	2.3912E+05	2.5141E+05	2.6678E+05
2.73	1.9657E+05	2.1166E+05	2.2993E+05	2.3986E+05	2.5215E+05	2.6752E+05
2.76	1.9721E+05	2.1233E+05	2.3064E+05	2.4058E+05	2.5289E+05	2.6825E+05
2.79	1.9783E+05	2.1300E+05	2.3134E+05	2.4129E+05	2.5361E+05	2.6896E+05
2.82	1.9845E+05	2.1365E+05	2.3203E+05	2.4200E+05	2.5432E+05	2.6966E+05
2.85	1.9905E+05	2.1429E+05	2.3271E+05	2.4269E+05	2.5502E+05	2.7036E+05
2.88	1.9965E+05	2.1493E+05	2.3338E+05	2.4337E+05	2.5571E+05	2.7104E+05
2.91	2.0023E+05	2.1555E+05	2.3404E+05	2.4405E+05	2.5639E+05	2.7172E+05
2.94	2.0081E+05	2.1617E+05	2.3469E+05	2.4471E+05	2.5707E+05	2.7238E+05
2.97	2.0138E+05	2.1677E+05	2.3533E+05	2.4536E+05	2.5773E+05	2.7303E+05
3.00	2.0193E+05	2.1737E+05	2.3596E+05	2.4600E+05	2.5838E+05	2.7368E+05
3.03	2.0248E+05	2.1795E+05	2.3658E+05	2.4664E+05	2.5902E+05	2.7431E+05
3.06	2.0302E+05	2.1853E+05	2.3719E+05	2.4726E+05	2.5965E+05	2.7493E+05
3.09	2.0355E+05	2.1909E+05	2.3779E+05	2.4787E+05	2.6027E+05	2.7554E+05
3.12	2.0407E+05	2.1965E+05	2.3838E+05	2.4848E+05	2.6088E+05	2.7615E+05
3.15	2.0459E+05	2.2020E+05	2.3896E+05	2.4907E+05	2.6148E+05	2.7674E+05
3.18	2.0509E+05	2.2074E+05	2.3953E+05	2.4965E+05	2.6207E+05	2.7732E+05
3.21	2.0558E+05	2.2127E+05	2.4010E+05	2.5023E+05	2.6265E+05	2.7789E+05
3.24	2.0607E+05	2.2179E+05	2.4065E+05	2.5079E+05	2.6322E+05	2.7846E+05
3.27	2.0654E+05	2.2230E+05	2.4119E+05	2.5135E+05	2.6378E+05	2.7901E+05
3.30	2.0701E+05	2.2280E+05	2.4173E+05	2.5189E+05	2.6434E+05	2.7955E+05
3.33	2.0747E+05	2.2330E+05	2.4225E+05	2.5243E+05	2.6488E+05	2.8008E+05
3.36	2.0792E+05	2.2378E+05	2.4277E+05	2.5296E+05	2.6541E+05	2.8061E+05
3.39	2.0836E+05	2.2426E+05	2.4328E+05	2.5348E+05	2.6594E+05	2.8112E+05
3.42	2.0880E+05	2.2473E+05	2.4377E+05	2.5398E+05	2.6645E+05	2.8162E+05
3.45	2.0922E+05	2.2518E+05	2.4426E+05	2.5448E+05	2.6695E+05	2.8211E+05
3.48	2.0964E+05	2.2563E+05	2.4474E+05	2.5497E+05	2.6745E+05	2.8260E+05
3.51	2.1005E+05	2.2608E+05	2.4522E+05	2.5546E+05	2.6794E+05	2.8307E+05
3.54	2.1045E+05	2.2651E+05	2.4568E+05	2.5593E+05	2.6841E+05	2.8353E+05
3.57	2.1084E+05	2.2693E+05	2.4613E+05	2.5639E+05	2.6888E+05	2.8399E+05
3.60	2.1122E+05	2.2735E+05	2.4658E+05	2.5685E+05	2.6934E+05	2.8443E+05
3.63	2.1160E+05	2.2776E+05	2.4701E+05	2.5729E+05	2.6979E+05	2.8486E+05
3.66	2.1196E+05	2.2816E+05	2.4744E+05	2.5773E+05	2.7022E+05	2.8529E+05
3.69	2.1232E+05	2.2855E+05	2.4786E+05	2.5816E+05	2.7065E+05	2.8570E+05
3.72	2.1267E+05	2.2893E+05	2.4827E+05	2.5858E+05	2.7108E+05	2.8610E+05
3.75	2.1302E+05	2.2930E+05	2.4867E+05	2.5899E+05	2.7149E+05	2.8650E+05
3.78	2.1335E+05	2.2967E+05	2.4907E+05	2.5939E+05	2.7189E+05	2.8688E+05
3.81	2.1368E+05	2.3003E+05	2.4945E+05	2.5978E+05	2.7228E+05	2.8725E+05
3.84	2.1400E+05	2.3038E+05	2.4983E+05	2.6016E+05	2.7267E+05	2.8762E+05
3.87	2.1431E+05	2.3072E+05	2.5019E+05	2.6054E+05	2.7304E+05	2.8797E+05
3.90	2.1461E+05	2.3105E+05	2.5055E+05	2.6091E+05	2.7341E+05	2.8832E+05
3.93	2.1491E+05	2.3138E+05	2.5091E+05	2.6126E+05	2.7376E+05	2.8865E+05
3.96	2.1520E+05	2.3170E+05	2.5125E+05	2.6161E+05	2.7411E+05	2.8897E+05
3.99	2.1548E+05	2.3201E+05	2.5158E+05	2.6195E+05	2.7445E+05	2.8929E+05
4.02	2.1575E+05	2.3231E+05	2.5191E+05	2.6229E+05	2.7478E+05	2.8959E+05
4.05	2.1602E+05	2.3260E+05	2.5223E+05	2.6261E+05	2.7510E+05	2.8989E+05
4.08	2.1627E+05	2.3289E+05	2.5254E+05	2.6293E+05	2.7541E+05	2.9017E+05
4.11	2.1652E+05	2.3317E+05	2.5284E+05	2.6323E+05	2.7572E+05	2.9044E+05
4.14	2.1677E+05	2.3344E+05	2.5313E+05	2.6353E+05	2.7601E+05	2.9071E+05
4.17	2.1700E+05	2.3370E+05	2.5342E+05	2.6382E+05	2.7630E+05	2.9096E+05
4.20	2.1723E+05	2.3395E+05	2.5370E+05	2.6410E+05	2.7657E+05	2.9121E+05
4.23	2.1745E+05	2.3420E+05	2.5396E+05	2.6438E+05	2.7684E+05	2.9144E+05
4.26	2.1766E+05	2.3444E+05	2.5423E+05	2.6464E+05	2.7710E+05	2.9167E+05
4.29	2.1787E+05	2.3467E+05	2.5448E+05	2.6490E+05	2.7735E+05	2.9188E+05
4.32	2.1807E+05	2.3490E+05	2.5473E+05	2.6515E+05	2.7759E+05	2.9208E+05
4.35	2.1826E+05	2.3512E+05	2.5496E+05	2.6539E+05	2.7782E+05	2.9228E+05
4.38	2.1844E+05	2.3533E+05	2.5519E+05	2.6562E+05	2.7804E+05	2.9246E+05
4.41	2.1862E+05	2.3553E+05	2.5541E+05	2.6585E+05	2.7826E+05	2.9264E+05
4.44	2.1879E+05	2.3572E+05	2.5563E+05	2.6606E+05	2.7846E+05	2.9280E+05
4.47	2.1895E+05	2.3591E+05	2.5583E+05	2.6627E+05	2.7866E+05	2.9296E+05
4.50	2.1910E+05	2.3609E+05	2.5603E+05	2.6647E+05	2.7885E+05	2.9310E+05
4.53	2.1925E+05	2.3626E+05	2.5622E+05	2.6666E+05	2.7902E+05	2.9323E+05
4.56	2.1939E+05	2.3643E+05	2.5641E+05	2.6684E+05	2.7919E+05	2.9336E+05
4.59	2.1953E+05	2.3659E+05	2.5658E+05	2.6702E+05	2.7936E+05	2.9347E+05
4.62	2.1965E+05	2.3674E+05	2.5675E+05	2.6718E+05	2.7951E+05	2.9358E+05
4.65	2.1977E+05	2.3688E+05	2.5691E+05	2.6734E+05	2.7965E+05	2.9368E+05
4.68	2.1989E+05	2.3702E+05	2.5706E+05	2.6749E+05	2.7979E+05	2.9376E+05
4.71	2.1999E+05	2.3715E+05	2.5720E+05	2.6764E+05	2.7991E+05	2.9384E+05
4.74	2.2009E+05	2.3727E+05	2.5734E+05	2.6777E+05	2.8003E+05	2.9391E+05
4.77	2.2018E+05	2.3738E+05	2.5747E+05	2.6790E+05	2.8014E+05	2.9396E+05
4.80	2.2027E+05	2.3749E+05	2.5759E+05	2.6802E+05	2.8024E+05	2.9401E+05
4.83	2.2035E+05	2.3759E+05	2.5771E+05	2.6813E+05	2.8034E+05	2.9405E+05
4.86	2.2042E+05	2.3768E+05	2.5781E+05	2.6823E+05	2.8042E+05	2.9408E+05
4.89	2.2049E+05	2.3777E+05	2.5791E+05	2.6833E+05	2.8050E+05	2.9410E+05
4.92	2.2054E+05	2.3785E+05	2.5800E+05	2.6842E+05	2.8056E+05	2.9412E+05
4.95	2.2060E+05	2.3792E+05	2.5809E+05	2.6850E+05	2.8062E+05	2.9412E+05
4.98	2.2064E+05	2.3799E+05	2.5817E+05	2.6857E+05	2.8067E+05	2.9411E+05
5.01	2.2068E+05	2.3805E+05	2.5824E+05	2.6864E+05	2.8072E+05	2.9410E+05
5.04	2.2071E+05	2.3810E+05	2.5830E+05	2.6869E+05	2.8075E+05	2.9408E+05
5.07	2.2074E+05	2.3814E+05	2.5835E+05	2.6874E+05	2.8078E+05	2.9404E+05
5.10	2.2076E+05	2.3818E+05	2.5840E+05	2.6878E+05	2.8080E+05	2.9401E+05
5.13	2.2077E+05	2.3821E+05	2.5844E+05	2.6882E+05	2.8081E+05	2.9396E+05
5.16	2.2078E+05	2.3824E+05	2.5847E+05	2.6885E+05	2.8081E+05	2.9390E+05
5.19	2.2077E+05	2.3825E+05	2.5850E+05	2.6887E+05	2.8081E+05	2.9384E+05
5.22	2.2077E+05	2.3826E+05	2.5852E+05	2.6888E+05	2.8080E+05	2.9376E+05
5.25	2.2075E+05	2.3827E+05	2.5853E+05	2.6888E+05	2.8077E+05	2.9369E+05
5.28	2.2073E+05	2.3827E+05	2.5854E+05	2.6888E+05	2.8075E+05	2.9360E+05
5.31	2.2071E+05	2.3826E+05	2.5854E+05	2.6887E+05	2.8071E+05	2.9350E+05
5.34	2.2068E+05	2.3824E+05	2.5853E+05	2.6886E+05	2.8067E+05	2.9340E+05
5.37	2.2064E+05	2.3822E+05	2.5851E+05	2.6883E+05	2.8062E+05	2.9329E+05
5.40	2.2059E+05	2.3819E+05	2.5849E+05	2.6880E+05	2.8056E+05	2.9317E+05
5.43	2.2054E+05	2.3815E+05	2.5846E+05	2.6876E+05	2.8050E+05	2.9305E+05
5.46	2.2048E+05	2.3811E+05	2.5842E+05	2.6872E+05	2.8042E+05	2.9292E+05
5.49	2.2042E+05	2.3806E+05	2.5838E+05	2.6867E+05	2.8035E+05	2.9278E+05
5.52	2.2035E+05	2.3801E+05	2.5833E+05	2.6861E+05	2.8026E+05	2.9264E+05
5.55	2.2027E+05	2.3795E+05	2.5827E+05	2.6854E+05	2.8017E+05	2.9249E+05
5.58	2.2019E+05	2.3788E+05	2.5821E+05	2.6847E+05	2.8007E+05	2.9233E+05
5.61	2.2010E+05	2.3781E+05	2.5814E+05	2.6839E+05	2.7996E+05	2.9217E+05
5.64	2.2001E+05	2.3773E+05	2.5806E+05	2.6831E+05	2.7985E+05	2.9200E+05
5.67	2.1991E+05	2.3764E+05	2.5798E+05	2.6821E+05	2.7973E+05	2.9182E+05
5.70	2.1980E+05	2.3755E+05	2.5789E+05	2.6811E+05	2.7960E+05	2.9164E+05
5.73	2.1969E+05	2.3745E+05	2.5780E+05	2.6801E+05	2.7947E+05	2.9145E+05
5.76	2.1957E+05	2.3734E+05	2.5769E+05	2.6790E+05	2.7933E+05	2.9126E+05
5.79	2.1944E+05	2.3723E+05	2.5758E+05	2.6778E+05	2.7919E+05	2.9106E+05
5.82	2.1931E+05	2.3711E+05	2.5747E+05	2.6765E+05	2.7903E+05	2.9086E+05
5.85	2.1918E+05	2.3699E+05	2.5735E+05	2.6752E+05	2.7888E+05	2.9065E+05
5.88	2.1904E+05	2.3686E+05	2.5722E+05	2.6739E+05	2.7871E+05	2.9043E+05
5.91	2.1889E+05	2.3672E+05	2.5709E+05	2.6724E+05	2.7854E+05	2.9022E+05
5.94	2.1873E+05	2.3658E+05	2.5695E+05	2.6709E+05	2.7837E+05	2.8999E+05
5.97	2.1858E+05	2.3643E+05	2.5680E+05	2.6694E+05	2.7819E+05	2.8976E+05
6.00	2.1841E+05	2.3627E+05	2.5665E+05	2.6678E+05	2.7800E+05	2.8953E+05
6.03	2.1824E+05	2.3611E+05	2.5649E+05	2.6661E+05	2.7781E+05	2.8929E+05
6.06	2.1806E+05	2.3595E+05	2.5632E+05	2.6643E+05	2.7761E+05	2.8904E+05
6.09	2.1788E+05	2.3577E+05	2.5615E+05	2.6625E+05	2.7741E+05	2.8880E+05
6.12	2.1769E+05	2.3560E+05	2.5598E+05	2.6607E+05	2.7720E+05	2.8854E+05
6.15	2.1750E+05	2.3541E+05	2.5579E+05	2.6588E+05	2.7698E+05	2.8828E+05
6.18	2.1730E+05	2.3522E+05	2.5561E+05	2.6568E+05	2.7677E+05	2.8802E+05
6.21	2.1710E+05	2.3503E+05	2.5541E+05	2.6548E+05	2.7654E+05	2.8776E+05
6.24	2.1689E+05	2.3482E+05	2.5521E+05	2.6527E+05	2.7631E+05	2.8749E+05
6.27	2.1667E+05	2.3462E+05	2.5501E+05	2.6506E+05	2.7608E+05	2.8721E+05
6.30	2.1645E+05	2.3440E+05	2.5480E+05	2.6484E+05	2.7584E+05	2.8693E+05
6.33	2.1622E+05	2.3418E+05	2.5458E+05	2.6462E+05	2.7559E+05	2.8665E+05
6.36	2.1599E+05	2.3396E+05	2.5436E+05	2.6439E+05	2.7534E+05	2.8637E+05
6.39	2.1575E+05	2.3373E+05	2.5413E+05	2.6415E+05	2.7509E+05	2.8608E+05
6.42	2.1551E+05	2.3349E+05	2.5389E+05	2.6391E+05	2.7483E+05	2.8578E+05
6.45	2.1526E+05	2.3325E+05	2.5366E+05	2.6367E+05	2.7457E+05	2.8549E+05
6.48	2.1501E+05	2.3300E+05	2.5341E+05	2.6341E+05	2.7430E+05	2.8518E+05
6.51	2.1475E+05	2.3275E+05	2.5316E+05	2.6316E+05	2.7403E+05	2.8488E+05
6.54	2.1449E+05	2.3249E+05	2.5290E+05	2.6290E+05	2.7375E+05	2.8457E+05
6.57	2.1422E+05	2.3223E+05	2.5264E+05	2.6263E+05	2.7347E+05	2.8426E+05
6.60	2.1395E+05	2.3196E+05	2.5238E+05	2.6236E+05	2.7318E+05	2.8395E+05
6.63	2.1367E+05	2.3169E+05	2.5210E+05	2.6209E+05	2.7289E+05	2.8363E+05
6.66	2.1338E+05	2.3141E+05	2.5183E+05	2.6180E+05	2.7260E+05	2.8331E+05
6.69	2.1309E+05	2.3112E+05	2.5154E+05	2.6152E+05	2.7230E+05	2.8298E+05
6.72	2.1280E+05	2.3083E+05	2.5126E+05	2.6123E+05	2.7199E+05	2.8265E+05
6.75	2.1250E+05	2.3053E+05	2.5096E+05	2.6093E+05	2.7169E+05	2.8232E+05
6.78	2.1219E+05	2.3023E+05	2.5066E+05	2.6063E+05	2.7137E+05	2.8199E+05
6.81	2.1188E+05	2.2992E+05	2.5036E+05	2.6032E+05	2.7106E+05	2.8165E+05
6.84	2.1157E+05	2.2961E+05	2.5005E+05	2.6001E+05	2.7074E+05	2.8131E+05
6.87	2.1125E+05	2.2929E+05	2.4974E+05	2.5970E+05	2.7041E+05	2.8096E+05
6.90	2.1092E+05	2.2897E+05	2.4942E+05	2.5938E+05	2.7009E+05	2.8062E+05
6.93	2.1059E+05	2.2864E+05	2.4909E+05	2.5905E+05	2.6976E+05	2.8027E+05
6.96	2.1026E+05	2.2831E+05	2.4876E+05	2.5872E+05	2.6942E+05	2.7991E+05
6.99	2.0992E+05	2.2797E+05	2.4843E+05	2.5839E+05	2.6908E+05	2.7956E+05
7.02	2.0958E+05	2.2763E+05	2.4809E+05	2.5805E+05	2.6874E+05	2.7920E+05
7.05	2.0923E+05	2.2728E+05	2.4774E+05	2.5771E+05	2.6839E+05	2.7883E+05
7.08	2.0887E+05	2.2692E+05	2.4739E+05	2.5736E+05	2.6804E+05	2.7847E+05
7.11	2.0852E+05	2.2656E+05	2.4704E+05	2.5701E+05	2.6768E+05	2.7810E+05
7.14	2.0815E+05	2.2620E+05	2.4667E+05	2.5665E+05	2.6732E+05	2.7773E+05
7.17	2.0779E+05	2.2583E+05	2.4631E+05	2.5628E+05	2.6696E+05	2.7736E+05
7.20	2.0741E+05	2.2545E+05	2.4593E+05	2.5591E+05	2.6659E+05	2.7698E+05
7.23	2.0704E+05	2.2507E+05	2.4555E+05	2.5554E+05	2.6622E+05	2.7660E+05
7.26	2.0666E+05	2.2469E+05	2.4517E+05	2.5516E+05	2.6585E+05	2.7622E+05
7.29	2.0627E+05	2.2430E+05	2.4478E+05	2.5477E+05	2.6547E+05	2.7584E+05
7.32	2.0588E+05	2.2390E+05	2.4438E+05	2.5438E+05	2.6508E+05	2.7545E+05
7.35	2.0549E+05	2.2350E+05	2.4398E+05	2.5398E+05	2.6469E+05	2.7506E+05
7.38	2.0509E+05	2.2310E+05	2.4358E+05	2.5358E+05	2.6430E+05	2.7466E+05
7.41	2.0468E+05	2.2269E+05	2.4317E+05	2.5317E+05	2.6390E+05	2.7427E+05
7.44	2.0428E+05	2.2227E+05	2.4275E+05	2.5276E+05	2.6349E+05	2.7387E+05
7.47	2.0386E+05	2.2185E+05	2.4233E+05	2.5234E+05	2.6308E+05	2.7347E+05
7.50	2.0345E+05	2.2143E+05	2.4190E+05	2.5191E+05	2.6266E+05	2.7306E+05
7.53	2.0303E+05	2.2100E+05	2.4147E+05	2.5148E+05	2.6224E+05	2.7265E+05
7.56	2.0260E+05	2.2056E+05	2.4103E+05	2.5105E+05	2.6181E+05	2.7223E+05
7.59	2.0218E+05	2.2013E+05	2.4059E+05	2.5060E+05	2.6137E+05	2.7180E+05
7.62	2.0174E+05	2.1968E+05	2.4014E+05	2.5016E+05	2.6093E+05	2.7138E+05
7.65	2.0131E+05	2.1924E+05	2.3968E+05	2.4971E+05	2.6049E+05	2.7094E+05
7.68	2.0087E+05	2.1878E+05	2.3923E+05	2.4925E+05	2.6004E+05	2.7050E+05
7.71	2.0042E+05	2.1833E+05	2.3876E+05	2.4878E+05	2.5958E+05	2.7005E+05
7.74	1.9997E+05	2.1787E+05	2.3829E+05	2.4832E+05	2.5912E+05	2.6960E+05
7.77	1.9952E+05	2.1740E+05	2.3782E+05	2.4784E+05	2.5865E+05	2.6915E+05
7.80	1.9906E+05	2.1693E+05	2.3734E+05	2.4736E+05	2.5817E+05	2.6868E+05
7.83	1.9860E+05	2.1646E+05	2.3686E+05	2.4688E+05	2.5770E+05	2.6821E+05
7.86	1.9814E+05	2.1598E+05	2.3637E+05	2.4639E+05	2.5721E+05	2.6774E+05
7.89	1.9767E+05	2.1549E+05	2.3588E+05	2.4590E+05	2.5672E+05	2.6726E+05
7.92	1.9720E+05	2.1501E+05	2.3538E+05	2.4540E+05	2.5623E+05	2.6677E+05
7.95	1.9672E+05	2.1452E+05	2.3487E+05	2.4489E+05	2.5573E+05	2.6628E+05
7.98	1.9625E+05	2.1402E+05	2.3437E+05	2.4438E+05	2.5522E+05	2.6579E+05
8.01	1.9576E+05	2.1352E+05	2.3385E+05	2.4387E+05	2.5471E+05	2.6529E+05
8.04	1.9528E+05	2.1302E+05	2.3334E+05	2.4335E+05	2.5419E+05	2.6478E+05
8.07	1.9479E+05	2.1251E+05	2.3281E+05	2.4283E+05	2.5367E+05	2.6427E+05
8.10	1.9430E+05	2.1200E+05	2.3229E+05	2.4230E+05	2.5314E+05	2.6375E+05
8.13	1.9380E+05	2.1148E+05	2.3176E+05	2.4176E+05	2.5261E+05	2.6322E+05
8.16	1.9330E+05	2.1096E+05	2.3122E+05	2.4122E+05	2.5207E+05	2.6269E+05
8.19	1.9280E+05	2.1044E+05	2.3068E+05	2.4068E+05	2.5153E+05	2.6216E+05
8.22	1.9229E+05	2.0991E+05	2.3014E+05	2.4013E+05	2.5098E+05	2.6162E+05
8.25	1.9178E+05	2.0938E+05	2.2959E+05	2.3957E+05	2.5043E+05	2.6107E+05
8.28	1.9127E+05	2.0885E+05	2.2903E+05	2.3902E+05	2.4987E+05	2.6052E+05
8.31	1.9076E+05	2.0831E+05	2.2848E+05	2.3845E+05	2.4931E+05	2.5997E+05
8.34	1.9024E+05	2.0777E+05	2.2791E+05	2.3789E+05	2.4874E+05	2.5940E+05
8.37	1.8972E+05	2.0722E+05	2.2735E+05	2.3731E+05	2.4817E+05	2.5884E+05
8.40	1.8919E+05	2.0667E+05	2.2678E+05	2.3674E+05	2.4759E+05	2.5827E+05
8.43	1.8866E+05	2.0612E+05	2.2620E+05	2.3615E+05	2.4701E+05	2.5769E+05
8.46	1.8813E+05	2.0557E+05	2.2562E+05	2.3557E+05	2.4642E+05	2.5711E+05
8.49	1.8760E+05	2.0501E+05	2.2504E+05	2.3498E+05	2.4583E+05	2.5652E+05
8.52	1.8706E+05	2.0444E+05	2.2445E+05	2.3438E+05	2.4523E+05	2.5592E+05
8.55	1.8652E+05	2.0388E+05	2.2386E+05	2.3379E+05	2.4463E+05	2.5533E+05
8.58	1.8598E+05	2.0331E+05	2.2327E+05	2.3318E+05	2.4402E+05	2.5472E+05
8.61	1.8544E+05	2.0274E+05	2.2267E+05	2.3257E+05	2.4341E+05	2.5411E+05
8.64	1.8489E+05	2.0216E+05	2.2207E+05	2.3196E+05	2.4279E+05	2.5350E+05
8.67	1.8434E+05	2.0158E+05	2.2146E+05	2.3135E+05	2.4217E+05	2.5288E+05
8.70	1.8379E+05	2.0100E+05	2.2085E+05	2.3073E+05	2.4155E+05	2.5226E+05
8.73	1.8323E+05	2.0041E+05	2.2024E+05	2.3010E+05	2.4092E+05	2.5163E+05
8.76	1.8268E+05	1.9983E+05	2.1962E+05	2.2947E+05	2.4028E+05	2.5100E+05
8.79	1.8212E+05	1.9923E+05	2.1900E+05	2.2884E+05	2.3964E+05	2.5036E+05
8.82	1.8155E+05	1.9864E+05	2.1837E+05	2.2821E+05	2.3900E+05	2.4972E+05
8.85	1.8099E+05	1.9804E+05	2.1774E+05	2.2757E+05	2.3836E+05	2.4907E+05
8.88	1.8042E+05	1.9744E+05	2.1711E+05	2.2692E+05	2.3770E+05	2.4842E+05
8.91	1.7985E+05	1.9684E+05	2.1648E+05	2.2628E+05	2.3705E+05	2.4776E+05
8.94	1.7928E+05	1.9624E+05	2.1584E+05	2.2563E+05	2.3639E+05	2.4710E+05
8.97	1.7871E+05	1.9563E+05	2.1520E+05	2.2497E+05	2.3572E+05	2.4643E+05
9.00	1.7813E+05	1.9502E+05	2.1455E+05	2.2431E+05	2.3506E+05	2.4576E+05
9.03	1.7756E+05	1.9441E+05	2.1390E+05	2.2365E+05	2.3439E+05	2.4509E+05
9.06	1.7698E+05	1.9379E+05	2.1325E+05	2.2299E+05	2.3371E+05	2.4441E+05
9.09	1.7639E+05	1.9317E+05	2.1260E+05	2.2232E+05	2.3303E+05	2.4372E+05
9.12	1.7581E+05	1.9255E+05	2.1194E+05	2.2164E+05	2.3235E+05	2.4303E+05
9.15	1.7523E+05	1.9193E+05	2.1128E+05	2.2097E+05	2.3166E+05	2.4234E+05
9.18	1.7464E+05	1.9131E+05	2.1062E+05	2.2029E+05	2.3097E+05	2.4164E+05
9.21	1.7405E+05	1.9068E+05	2.0995E+05	2.1961E+05	2.3027E+05	2.4094E+05
9.24	1.7346E+05	1.9005E+05	2.0928E+05	2.1892E+05	2.2957E+05	2.4024E+05
9.27	1.7287E+05	1.8942E+05	2.0861E+05	2.1823E+05	2.2887E+05	2.3953E+05
9.30	1.7227E+05	1.8879E+05	2.0794E+05	2.1754E+05	2.2817E+05	2.3882E+05
9.33	1.7168E+05	1.8815E+05	2.0726E+05	2.1685E+05	2.2746E+05	2.3810E+05
9.36	1.7108E+05	1.8751E+05	2.0658E+05	2.1615E+05	2.2675E+05	2.3738E+05
9.39	1.7048E+05	1.8687E+05	2.0590E+05	2.1545E+05	2.2603E+05	2.3665E+05
9.42	1.6988E+05	1.8623E+05	2.0521E+05	2.1475E+05	2.2531E+05	2.3592E+05
9.45	1.6928E+05	1.8559E+05	2.0453E+05	2.1404E+05	2.2459E+05	2.3519E+05
9.48	1.6868E+05	1.8495E+05	2.0384E+05	2.1333E+05	2.2386E+05	2.3445E+05
9.51	1.6807E+05	1.8430E+05	2.0315E+05	2.1262E+05	2.2314E+05	2.3371E+05
9.54	1.6747E+05	1.8365E+05	2.0245E+05	2.1191E+05	2.2240E+05	2.3297E+05
9.57	1.6686E+05	1.8300E+05	2.0176E+05	2.1119E+05	2.2167E+05	2.3222E+05
9.60	1.6625E+05	1.8235E+05	2.0106E+05	2.1047E+05	2.2093E+05	2.3147E+05
9.63	1.6564E+05	1.8170E+05	2.0036E+05	2.0975E+05	2.2019E+05	2.3072E+05
9.66	1.6503E+05	1.8104E+05	1.9965E+05	2.0903E+05	2.1945E+05	2.2996E+05
9.69	1.6442E+05	1.8039E+05	1.9895E+05	2.0830E+05	2.1870E+05	2.2920E+05
9.72	1.6381E+05	1.7973E+05	1.9824E+05	2.0757E+05	2.1795E+05	2.2844E+05
9.75	1.6320E+05	1.7907E+05	1.9754E+05	2.0684E+05	2.1720E+05	2.2767E+05
9.78	1.6258E+05	1.7841E+05	1.9683E+05	2.0611E+05	2.1645E+05	2.2690E+05
9.81	1.6197E+05	1.7775E+05	1.9611E+05	2.0538E+05	2.1569E+05	2.2612E+05
9.84	1.6135E+05	1.7709E+05	1.9540E+05	2.0464E+05	2.1493E+05	2.2535E+05
9.87	1.6073E+05	1.7642E+05	1.9468E+05	2.0390E+05	2.1417E+05	2.2457E+05
9.90	1.6012E+05	1.7576E+05	1.9397E+05	2.0316E+05	2.1341E+05	2.2379E+05
9.93	1.5950E+05	1.7509E+05	1.9325E+05	2.0242E+05	2.1264E+05	2.2300E+05
9.96	1.5888E+05	1.7442E+05	1.9253E+05	2.0167E+05	2.1188E+05	2.2221E+05
9.99	1.5826E+05	1.7376E+05	1.9181E+05	2.0093E+05	2.1111E+05	2.2142E+05
10.02	1.5764E+05	1.7309E+05	1.9109E+05	2.0018E+05	2.1033E+05	2.2063E+05
10.05	1.5702E+05	1.7242E+05	1.9036E+05	1.9943E+05	2.0956E+05	2.1984E+05
10.08	1.5640E+05	1.7175E+05	1.8964E+05	1.9868E+05	2.0878E+05	2.1904E+05
10.11	1.5578E+05	1.7108E+05	1.8891E+05	1.9793E+05	2.0801E+05	2.1824E+05
10.14	1.5515E+05	1.7041E+05	1.8818E+05	1.9717E+05	2.0723E+05	2.1744E+05
10.17	1.5453E+05	1.6973E+05	1.8745E+05	1.9642E+05	2.0644E+05	2.1663E+05
10.20	1.5391E+05	1.6906E+05	1.8673E+05	1.9566E+05	2.0566E+05	2.1582E+05
10.23	1.5328E+05	1.6839E+05	1.8599E+05	1.9490E+05	2.0488E+05	2.1501E+05
10.26	1.5266E+05	1.6771E+05	1.8526E+05	1.9415E+05	2.0409E+05	2.1420E+05
10.29	1.5204E+05	1.6704E+05	1.8453E+05	1.9339E+05	2.0330E+05	2.1339E+05
10.32	1.5141E+05	1.6636E+05	1.8380E+05	1.9263E+05	2.0251E+05	2.1258E+05
10.35	1.5079E+05	1.6569E+05	1.8306E+05	1.9186E+05	2.0172E+05	2.1176E+05
10.38	1.5017E+05	1.6501E+05	1.8233E+05	1.9110E+05	2.0093E+05	2.1094E+05
10.41	1.4954E+05	1.6434E+05	1.8159E+05	1.9034E+05	2.0014E+05	2.1012E+05
10.44	1.4892E+05	1.6366E+05	1.8086E+05	1.8957E+05	1.9934E+05	2.0930E+05
10.47	1.4829E+05	1.6298E+05	1.8012E+05	1.8881E+05	1.9855E+05	2.0847E+05
10.50	1.4767E+05	1.6231E+05	1.7938E+05	1.8804E+05	1.9775E+05	2.0765E+05
10.53	1.4705E+05	1.6163E+05	1.7865E+05	1.8727E+05	1.9695E+05	2.0682E+05
10.56	1.4642E+05	1.6095E+05	1.7791E+05	1.8651E+05	1.9615E+05	2.0599E+05
10.59	1.4580E+05	1.6028E+05	1.7717E+05	1.8574E+05	1.9535E+05	2.0516E+05
10.62	1.4517E+05	1.5960E+05	1.7643E+05	1.8497E+05	1.9455E+05	2.0433E+05
10.65	1.4455E+05	1.5892E+05	1.7569E+05	1.8420E+05	1.9375E+05	2.0350E+05
10.68	1.4393E+05	1.5824E+05	1.7495E+05	1.8343E+05	1.9295E+05	2.0267E+05
10.71	1.4331E+05	1.5757E+05	1.7421E+05	1.8266E+05	1.9215E+05	2.0183E+05
10.74	1.4268E+05	1.5689E+05	1.7348E+05	1.8189E+05	1.9135E+05	2.0100E+05
10.77	1.4206E+05	1.5622E+05	1.7274E+05	1.8112E+05	1.9054E+05	2.0016E+05
10.80	1.4144E+05	1.5554E+05	1.7200E+05	1.8035E+05	1.8974E+05	1.9933E+05
10.83	1.4082E+05	1.5486E+05	1.7126E+05	1.7958E+05	1.8893E+05	1.9849E+05
10.86	1.4020E+05	1.5419E+05	1.7052E+05	1.7881E+05	1.8813E+05	1.9765E+05
10.89	1.3958E+05	1.5351E+05	1.6978E+05	1.7804E+05	1.8732E+05	1.9681E+05
10.92	1.3896E+05	1.5284E+05	1.6904E+05	1.7727E+05	1.8652E+05	1.9597E+05
10.95	1.3834E+05	1.5216E+05	1.6830E+05	1.7650E+05	1.8571E+05	1.9513E+05
10.98	1.3772E+05	1.5149E+05	1.6756E+05	1.7573E+05	1.8491E+05	1.9429E+05
11.01	1.3710E+05	1.5082E+05	1.6683E+05	1.7496E+05	1.8410E+05	1.9345E+05
11.04	1.3648E+05	1.5014E+05	1.6609E+05	1.7419E+05	1.8330E+05	1.9261E+05
11.07	1.3587E+05	1.4947E+05	1.6535E+05	1.7342E+05	1.8249E+05	1.9177E+05
11.10	1.3525E+05	1.4880E+05	1.6461E+05	1.7265E+05	1.8169E+05	1.9093E+05
11.13	1.3464E+05	1.4813E+05	1.6388E+05	1.7188E+05	1.8088E+05	1.9009E+05
11.16	1.3402E+05	1.4746E+05	1.6314E+05	1.7111E+05	1.8008E+05	1.8924E+05
11.19	1.3341E+05	1.4679E+05	1.6241E+05	1.7034E+05	1.7927E+05	1.8840E+05
11.22	1.3279E+05	1.4612E+05	1.6167E+05	1.6957E+05	1.7847E+05	1.8756E+05
11.25	1.3218E+05	1.4545E+05	1.6094E+05	1.6881E+05	1.7766E+05	1.8672E+05
11.28	1.3157E+05	1.4479E+05	1.6021E+05	1.6804E+05	1.7686E+05	1.8588E+05
11.31	1.3096E+05	1.4412E+05	1.5947E+05	1.6727E+05	1.7606E+05	1.8504E+05
11.34	1.3035E+05	1.4345E+05	1.5874E+05	1.6651E+05	1.7525E+05	1.8419E+05
11.37	1.2974E+05	1.4279E+05	1.5801E+05	1.6574E+05	1.7445E+05	1.8335E+05
11.40	1.2914E+05	1.4213E+05	1.5728E+05	1.6498E+05	1.7365E+05	1.8251E+05
11.43	1.2853E+05	1.4146E+05	1.5655E+05	1.6422E+05	1.7285E+05	1.8167E+05
11.46	1.2792E+05	1.4080E+05	1.5582E+05	1.6345E+05	1.7205E+05	1.8083E+05
11.49	1.2732E+05	1.4014E+05	1.5510E+05	1.6269E+05	1.7125E+05	1.8000E+05
11.52	1.2672E+05	1.3948E+05	1.5437E+05	1.6193E+05	1.7045E+05	1.7916E+05
11.55	1.2611E+05	1.3882E+05	1.5365E+05	1.6117E+05	1.6965E+05	1.7832E+05
11.58	1.2551E+05	1.3817E+05	1.5292E+05	1.6042E+05	1.6886E+05	1.7748E+05
11.61	1.2491E+05	1.3751E+05	1.5220E+05	1.5966E+05	1.6806E+05	1.7665E+05
11.64	1.2431E+05	1.3686E+05	1.5148E+05	1.5890E+05	1.6727E+05	1.7581E+05
11.67	1.2372E+05	1.3620E+05	1.5076E+05	1.5815E+05	1.6647E+05	1.7498E+05
11.70	1.2312E+05	1.3555E+05	1.5004E+05	1.5739E+05	1.6568E+05	1.7414E+05
11.73	1.2252E+05	1.3490E+05	1.4932E+05	1.5664E+05	1.6489E+05	1.7331E+05
11.76	1.2193E+05	1.3425E+05	1.4860E+05	1.5589E+05	1.6410E+05	1.7248E+05
11.79	1.2134E+05	1.3360E+05	1.4789E+05	1.5514E+05	1.6331E+05	1.7165E+05
11.82	1.2075E+05	1.3295E+05	1.4717E+05	1.5439E+05	1.6252E+05	1.7082E+05
11.85	1.2016E+05	1.3231E+05	1.4646E+05	1.5365E+05	1.6174E+05	1.6999E+05
11.88	1.1957E+05	1.3166E+05	1.4575E+05	1.5290E+05	1.6095E+05	1.6917E+05
11.91	1.1898E+05	1.3102E+05	1.4504E+05	1.5216E+05	1.6017E+05	1.6834E+05
11.94	1.1839E+05	1.3037E+05	1.4433E+05	1.5141E+05	1.5939E+05	1.6752E+05
11.97	1.1781E+05	1.2973E+05	1.4362E+05	1.5067E+05	1.5861E+05	1.6669E+05
12.00	1.1722E+05	1.2910E+05	1.4292E+05	1.4993E+05	1.5783E+05	1.6587E+05
