0.00	0.0000E+00	0.0000E+00	0.0000E+00	0.0000E+00	0.0000E+00
0.03	1.7771E+04	1.7771E+04	1.7771E+04	1.7771E+04	1.7771E+04
0.06	3.5543E+04	3.5543E+04	3.5543E+04	3.5543E+04	3.5543E+04
0.09	5.3314E+04	5.3314E+04	5.3314E+04	5.3314E+04	5.3314E+04
0.12	6.8884E+04	6.9035E+04	6.9085E+04	6.9109E+04	6.9124E+04
0.15	7.6814E+04	7.7790E+04	7.8102E+04	7.8255E+04	7.8346E+04
0.18	8.3809E+04	8.5903E+04	8.6554E+04	8.6870E+04	8.7057E+04
0.21	9.0485E+04	9.3824E+04	9.4861E+04	9.5358E+04	9.5649E+04
0.24	9.7010E+04	1.0165E+05	1.0308E+05	1.0377E+05	1.0418E+05
0.27	1.0317E+05	1.0907E+05	1.1093E+05	1.1182E+05	1.1235E+05
0.30	1.0844E+05	1.1542E+05	1.1769E+05	1.1879E+05	1.1943E+05
0.33	1.1133E+05	1.1920E+05	1.2182E+05	1.2310E+05	1.2384E+05
0.36	1.1410E+05	1.2290E+05	1.2592E+05	1.2739E+05	1.2826E+05
0.39	1.1682E+05	1.2654E+05	1.2997E+05	1.3166E+05	1.3265E+05
0.42	1.1861E+05	1.2915E+05	1.3298E+05	1.3488E+05	1.3601E+05
0.45	1.2067E+05	1.3189E+05	1.3611E+05	1.3821E+05	1.3946E+05
0.48	1.2289E+05	1.3470E+05	1.3926E+05	1.4156E+05	1.4293E+05
0.51	1.2523E+05	1.3753E+05	1.4242E+05	1.4491E+05	1.4640E+05
0.54	1.2767E+05	1.4039E+05	1.4558E+05	1.4825E+05	1.4985E+05
0.57	1.3019E+05	1.4328E+05	1.4875E+05	1.5159E+05	1.5330E+05
0.60	1.3280E+05	1.4620E+05	1.5192E+05	1.5492E+05	1.5673E+05
0.63	1.3547E+05	1.4914E+05	1.5510E+05	1.5825E+05	1.6016E+05
0.66	1.3819E+05	1.5211E+05	1.5828E+05	1.6158E+05	1.6359E+05
0.69	1.4061E+05	1.5511E+05	1.6148E+05	1.6484E+05	1.6689E+05
0.72	1.4195E+05	1.5677E+05	1.6326E+05	1.6675E+05	1.6888E+05
0.75	1.4333E+05	1.5843E+05	1.6510E+05	1.6870E+05	1.7091E+05
0.78	1.4469E+05	1.6006E+05	1.6689E+05	1.7060E+05	1.7289E+05
0.81	1.4601E+05	1.6165E+05	1.6864E+05	1.7245E+05	1.7481E+05
0.84	1.4729E+05	1.6319E+05	1.7033E+05	1.7425E+05	1.7667E+05
0.87	1.4853E+05	1.6468E+05	1.7197E+05	1.7599E+05	1.7848E+05
0.90	1.4976E+05	1.6615E+05	1.7357E+05	1.7768E+05	1.8024E+05
0.93	1.5095E+05	1.6757E+05	1.7513E+05	1.7933E+05	1.8196E+05
0.96	1.5213E+05	1.6897E+05	1.7666E+05	1.8095E+05	1.8363E+05
0.99	1.5328E+05	1.7035E+05	1.7816E+05	1.8253E+05	1.8528E+05
1.02	1.5442E+05	1.7171E+05	1.7962E+05	1.8409E+05	1.8689E+05
1.05	1.5554E+05	1.7304E+05	1.8107E+05	1.8561E+05	1.8847E+05
1.08	1.5665E+05	1.7435E+05	1.8249E+05	1.8711E+05	1.9002E+05
1.11	1.5775E+05	1.7564E+05	1.8389E+05	1.8858E+05	1.9155E+05
1.14	1.5884E+05	1.7692E+05	1.8527E+05	1.9003E+05	1.9305E+05
1.17	1.5990E+05	1.7818E+05	1.8663E+05	1.9146E+05	1.9453E+05
1.20	1.6097E+05	1.7943E+05	1.8797E+05	1.9287E+05	1.9598E+05
1.23	1.6202E+05	1.8067E+05	1.8930E+05	1.9426E+05	1.9742E+05
1.26	1.6306E+05	1.8189E+05	1.9061E+05	1.9563E+05	1.9884E+05
1.29	1.6408E+05	1.8310E+05	1.9191E+05	1.9699E+05	2.0024E+05
1.32	1.6510E+05	1.8430E+05	1.9319E+05	1.9832E+05	2.0162E+05
1.35	1.6610E+05	1.8549E+05	1.9446E+05	1.9965E+05	2.0299E+05
1.38	1.6709E+05	1.8666E+05	1.9571E+05	2.0096E+05	2.0433E+05
1.41	1.6807E+05	1.8782E+05	1.9696E+05	2.0225E+05	2.0567E+05
1.44	1.6903E+05	1.8897E+05	1.9818E+05	2.0353E+05	2.0699E+05
1.47	1.6999E+05	1.9011E+05	1.9940E+05	2.0480E+05	2.0829E+05
1.50	1.7092E+05	1.9124E+05	2.0060E+05	2.0605E+05	2.0958E+05
1.53	1.7185E+05	1.9236E+05	2.0179E+05	2.0729E+05	2.1085E+05
1.56	1.7277E+05	1.9346E+05	2.0297E+05	2.0851E+05	2.1210E+05
1.59	1.7367E+05	1.9456E+05	2.0414E+05	2.0972E+05	2.1335E+05
1.62	1.7456E+05	1.9564E+05	2.0529E+05	2.1092E+05	2.1458E+05
1.65	1.7543E+05	1.9671E+05	2.0643E+05	2.1211E+05	2.1580E+05
1.68	1.7629E+05	1.9776E+05	2.0757E+05	2.1329E+05	2.1701E+05
1.71	1.7714E+05	1.9881E+05	2.0869E+05	2.1445E+05	2.1821E+05
1.74	1.7798E+05	1.9984E+05	2.0979E+05	2.1560E+05	2.1939E+05
1.77	1.7880E+05	2.0086E+05	2.1089E+05	2.1674E+05	2.2055E+05
1.80	1.7961E+05	2.0187E+05	2.1197E+05	2.1787E+05	2.2171E+05
1.83	1.8041E+05	2.0287E+05	2.1305E+05	2.1898E+05	2.2285E+05
1.86	1.8119E+05	2.0385E+05	2.1411E+05	2.2008E+05	2.2398E+05
1.89	1.8196E+05	2.0482E+05	2.1515E+05	2.2117E+05	2.2510E+05
1.92	1.8272E+05	2.0578E+05	2.1619E+05	2.2225E+05	2.2621E+05
1.95	1.8347E+05	2.0673E+05	2.1721E+05	2.2332E+05	2.2730E+05
1.98	1.8420E+05	2.0767E+05	2.1823E+05	2.2437E+05	2.2838E+05
2.01	1.8492E+05	2.0859E+05	2.1923E+05	2.2541E+05	2.2945E+05
2.04	1.8563E+05	2.0950E+05	2.2022E+05	2.2644E+05	2.3051E+05
2.07	1.8632E+05	2.1040E+05	2.2119E+05	2.2746E+05	2.3155E+05
2.10	1.8701E+05	2.1129E+05	2.2216E+05	2.2847E+05	2.3259E+05
2.13	1.8768E+05	2.1217E+05	2.2312E+05	2.2946E+05	2.3361E+05
2.16	1.8834E+05	2.1303E+05	2.2406E+05	2.3045E+05	2.3462E+05
2.19	1.8899E+05	2.1389E+05	2.2499E+05	2.3142E+05	2.3562E+05
2.22	1.8962E+05	2.1473E+05	2.2591E+05	2.3238E+05	2.3661E+05
2.25	1.9025E+05	2.1556E+05	2.2682E+05	2.3333E+05	2.3758E+05
2.28	1.9086E+05	2.1637E+05	2.2772E+05	2.3427E+05	2.3855E+05
2.31	1.9146E+05	2.1718E+05	2.2860E+05	2.3520E+05	2.3950E+05
2.34	1.9205E+05	2.1797E+05	2.2948E+05	2.3612E+05	2.4044E+05
2.37	1.9263E+05	2.1876E+05	2.3034E+05	2.3702E+05	2.4138E+05
2.40	1.9320E+05	2.1953E+05	2.3120E+05	2.3792E+05	2.4230E+05
2.43	1.9375E+05	2.2029E+05	2.3204E+05	2.3880E+05	2.4321E+05
2.46	1.9430E+05	2.2104E+05	2.3287E+05	2.3967E+05	2.4410E+05
2.49	1.9483E+05	2.2178E+05	2.3369E+05	2.4053E+05	2.4499E+05
2.52	1.9536E+05	2.2250E+05	2.3450E+05	2.4138E+05	2.4587E+05
2.55	1.9587E+05	2.2322E+05	2.3529E+05	2.4222E+05	2.4673E+05
2.58	1.9637E+05	2.2392E+05	2.3608E+05	2.4305E+05	2.4759E+05
2.61	1.9687E+05	2.2462E+05	2.3686E+05	2.4387E+05	2.4843E+05
2.64	1.9735E+05	2.2530E+05	2.3762E+05	2.4468E+05	2.4927E+05
2.67	1.9782E+05	2.2597E+05	2.3838E+05	2.4548E+05	2.5009E+05
2.70	1.9828E+05	2.2664E+05	2.3912E+05	2.4627E+05	2.5090E+05
2.73	1.9874E+05	2.2729E+05	2.3986E+05	2.4704E+05	2.5171E+05
2.76	1.9918E+05	2.2793E+05	2.4058E+05	2.4781E+05	2.5250E+05
2.79	1.9961E+05	2.2856E+05	2.4129E+05	2.4857E+05	2.5328E+05
2.82	2.0004E+05	2.2918E+05	2.4200E+05	2.4931E+05	2.5405E+05
2.85	2.0045E+05	2.2979E+05	2.4269E+05	2.5005E+05	2.5482E+05
2.88	2.0085E+05	2.3039E+05	2.4337E+05	2.5077E+05	2.5557E+05
2.91	2.0125E+05	2.3098E+05	2.4405E+05	2.5149E+05	2.5631E+05
2.94	2.0163E+05	2.3156E+05	2.4471E+05	2.5219E+05	2.5704E+05
2.97	2.0201E+05	2.3213E+05	2.4536E+05	2.5289E+05	2.5776E+05
3.00	2.0238E+05	2.3269E+05	2.4600E+05	2.5358E+05	2.5848E+05
3.03	2.0274E+05	2.3324E+05	2.4664E+05	2.5425E+05	2.5918E+05
3.06	2.0309E+05	2.3378E+05	2.4726E+05	2.5492E+05	2.5987E+05
3.09	2.0343E+05	2.3431E+05	2.4787E+05	2.5558E+05	2.6055E+05
3.12	2.0376E+05	2.3483E+05	2.4848E+05	2.5622E+05	2.6123E+05
3.15	2.0408E+05	2.3534E+05	2.4907E+05	2.5686E+05	2.6189E+05
3.18	2.0440E+05	2.3584E+05	2.4965E+05	2.5749E+05	2.6254E+05
3.21	2.0470E+05	2.3633E+05	2.5023E+05	2.5810E+05	2.6319E+05
3.24	2.0500E+05	2.3681E+05	2.5079E+05	2.5871E+05	2.6382E+05
3.27	2.0529E+05	2.3729E+05	2.5135E+05	2.5931E+05	2.6445E+05
3.30	2.0557E+05	2.3775E+05	2.5189E+05	2.5990E+05	2.6506E+05
3.33	2.0584E+05	2.3821E+05	2.5243E+05	2.6048E+05	2.6567E+05
3.36	2.0611E+05	2.3865E+05	2.5296E+05	2.6105E+05	2.6627E+05
3.39	2.0636E+05	2.3909E+05	2.5348E+05	2.6161E+05	2.6685E+05
3.42	2.0661E+05	2.3952E+05	2.5398E+05	2.6217E+05	2.6743E+05
3.45	2.0685E+05	2.3994E+05	2.5448E+05	2.6271E+05	2.6800E+05
3.48	2.0708E+05	2.4035E+05	2.5497E+05	2.6324E+05	2.6856E+05
3.51	2.0731E+05	2.4075E+05	2.5546E+05	2.6377E+05	2.6911E+05
3.54	2.0752E+05	2.4114E+05	2.5593E+05	2.6428E+05	2.6965E+05
3.57	2.0773E+05	2.4153E+05	2.5639E+05	2.6479E+05	2.7018E+05
3.60	2.0793E+05	2.4190E+05	2.5685E+05	2.6529E+05	2.7071E+05
3.63	2.0813E+05	2.4227E+05	2.5729E+05	2.6577E+05	2.7122E+05
3.66	2.0831E+05	2.4262E+05	2.5773E+05	2.6625E+05	2.7173E+05
3.69	2.0849E+05	2.4297E+05	2.5816E+05	2.6672E+05	2.7222E+05
3.72	2.0866E+05	2.4331E+05	2.5858E+05	2.6718E+05	2.7271E+05
3.75	2.0882E+05	2.4365E+05	2.5899E+05	2.6764E+05	2.7318E+05
3.78	2.0898E+05	2.4397E+05	2.5939E+05	2.6808E+05	2.7365E+05
3.81	2.0913E+05	2.4429E+05	2.5978E+05	2.6851E+05	2.7411E+05
3.84	2.0927E+05	2.4459E+05	2.6016E+05	2.6894E+05	2.7456E+05
3.87	2.0940E+05	2.4489E+05	2.6054E+05	2.6935E+05	2.7500E+05
3.90	2.0953E+05	2.4518E+05	2.6091E+05	2.6976E+05	2.7543E+05
3.93	2.0965E+05	2.4547E+05	2.6126E+05	2.7016E+05	2.7586E+05
3.96	2.0976E+05	2.4574E+05	2.6161E+05	2.7055E+05	2.7627E+05
3.99	2.0986E+05	2.4601E+05	2.6195E+05	2.7093E+05	2.7668E+05
4.02	2.0996E+05	2.4627E+05	2.6229E+05	2.7130E+05	2.7707E+05
4.05	2.1005E+05	2.4652E+05	2.6261E+05	2.7167E+05	2.7746E+05
4.08	2.1014E+05	2.4676E+05	2.6293E+05	2.7202E+05	2.7783E+05
4.11	2.1021E+05	2.4699E+05	2.6323E+05	2.7237E+05	2.7820E+05
4.14	2.1028E+05	2.4722E+05	2.6353E+05	2.7270E+05	2.7856E+05
4.17	2.1035E+05	2.4744E+05	2.6382E+05	2.7303E+05	2.7891E+05
4.20	2.1040E+05	2.4765E+05	2.6410E+05	2.7335E+05	2.7925E+05
4.23	2.1045E+05	2.4785E+05	2.6438E+05	2.7366E+05	2.7958E+05
4.26	2.1050E+05	2.4805E+05	2.6464E+05	2.7396E+05	2.7991E+05
4.29	2.1053E+05	2.4824E+05	2.6490E+05	2.7425E+05	2.8022E+05
4.32	2.1056E+05	2.4842E+05	2.6515E+05	2.7454E+05	2.8053E+05
4.35	2.1058E+05	2.4859E+05	2.6539E+05	2.7481E+05	2.8082E+05
4.38	2.1060E+05	2.4875E+05	2.6562E+05	2.7508E+05	2.8111E+05
4.41	2.1061E+05	2.4891E+05	2.6585E+05	2.7534E+05	2.8138E+05
4.44	2.1061E+05	2.4906E+05	2.6606E+05	2.7559E+05	2.8165E+05
4.47	2.1061E+05	2.4920E+05	2.6627E+05	2.7583E+05	2.8191E+05
4.50	2.1060E+05	2.4934E+05	2.6647E+05	2.7606E+05	2.8216E+05
4.53	2.1058E+05	2.4946E+05	2.6666E+05	2.7628E+05	2.8240E+05
4.56	2.1056E+05	2.4958E+05	2.6684E+05	2.7650E+05	2.8263E+05
4.59	2.1053E+05	2.4969E+05	2.6702E+05	2.7670E+05	2.8285E+05
4.62	2.1049E+05	2.4980E+05	2.6718E+05	2.7690E+05	2.8307E+05
4.65	2.1045E+05	2.4990E+05	2.6734E+05	2.7709E+05	2.8327E+05
4.68	2.1040E+05	2.4999E+05	2.6749E+05	2.7727E+05	2.8346E+05
4.71	2.1035E+05	2.5007E+05	2.6764E+05	2.7744E+05	2.8365E+05
4.74	2.1029E+05	2.5015E+05	2.6777E+05	2.7760E+05	2.8383E+05
4.77	2.1022E+05	2.5021E+05	2.6790E+05	2.7775E+05	2.8399E+05
4.80	2.1015E+05	2.5028E+05	2.6802E+05	2.7790E+05	2.8415E+05
4.83	2.1007E+05	2.5033E+05	2.6813E+05	2.7804E+05	2.8430E+05
4.86	2.0998E+05	2.5038E+05	2.6823E+05	2.7816E+05	2.8444E+05
4.89	2.0989E+05	2.5042E+05	2.6833E+05	2.7828E+05	2.8457E+05
4.92	2.0979E+05	2.5045E+05	2.6842E+05	2.7840E+05	2.8469E+05
4.95	2.0969E+05	2.5048E+05	2.6850E+05	2.7850E+05	2.8480E+05
4.98	2.0958E+05	2.5049E+05	2.6857E+05	2.7859E+05	2.8491E+05
5.01	2.0946E+05	2.5051E+05	2.6864E+05	2.7868E+05	2.8500E+05
5.04	2.0934E+05	2.5051E+05	2.6869E+05	2.7876E+05	2.8509E+05
5.07	2.0921E+05	2.5051E+05	2.6874E+05	2.7883E+05	2.8516E+05
5.10	2.0908E+05	2.5050E+05	2.6878E+05	2.7889E+05	2.8523E+05
5.13	2.0894E+05	2.5048E+05	2.6882E+05	2.7894E+05	2.8529E+05
5.16	2.0880E+05	2.5046E+05	2.6885E+05	2.7899E+05	2.8534E+05
5.19	2.0865E+05	2.5043E+05	2.6887E+05	2.7902E+05	2.8538E+05
5.22	2.0849E+05	2.5040E+05	2.6888E+05	2.7905E+05	2.8542E+05
5.25	2.0833E+05	2.5035E+05	2.6888E+05	2.7907E+05	2.8544E+05
5.28	2.0816E+05	2.5031E+05	2.6888E+05	2.7909E+05	2.8546E+05
5.31	2.0798E+05	2.5025E+05	2.6887E+05	2.7909E+05	2.8547E+05
5.34	2.0780E+05	2.5019E+05	2.6886E+05	2.7909E+05	2.8547E+05
5.37	2.0762E+05	2.5012E+05	2.6883E+05	2.7908E+05	2.8546E+05
5.40	2.0743E+05	2.5004E+05	2.6880E+05	2.7906E+05	2.8544E+05
5.43	2.0723E+05	2.4996E+05	2.6876E+05	2.7904E+05	2.8542E+05
5.46	2.0703E+05	2.4987E+05	2.6872E+05	2.7900E+05	2.8539E+05
5.49	2.0682E+05	2.4978E+05	2.6867E+05	2.7896E+05	2.8535E+05
5.52	2.0661E+05	2.4968E+05	2.6861E+05	2.7892E+05	2.8530E+05
5.55	2.0639E+05	2.4957E+05	2.6854E+05	2.7886E+05	2.8525E+05
5.58	2.0616E+05	2.4945E+05	2.6847E+05	2.7880E+05	2.8518E+05
5.61	2.0593E+05	2.4933E+05	2.6839E+05	2.7873E+05	2.8511E+05
5.64	2.0570E+05	2.4921E+05	2.6831E+05	2.7865E+05	2.8504E+05
5.67	2.0546E+05	2.4907E+05	2.6821E+05	2.7857E+05	2.8495E+05
5.70	2.0521E+05	2.4893E+05	2.6811E+05	2.7848E+05	2.8486E+05
5.73	2.0496E+05	2.4879E+05	2.6801E+05	2.7838E+05	2.8476E+05
5.76	2.0471E+05	2.4864E+05	2.6790E+05	2.7828E+05	2.8465E+05
5.79	2.0444E+05	2.4848E+05	2.6778E+05	2.7817E+05	2.8454E+05
5.82	2.0418E+05	2.4831E+05	2.6765E+05	2.7805E+05	2.8442E+05
5.85	2.0390E+05	2.4814E+05	2.6752E+05	2.7793E+05	2.8429E+05
5.88	2.0363E+05	2.4797E+05	2.6739E+05	2.7780E+05	2.8416E+05
5.91	2.0334E+05	2.4779E+05	2.6724E+05	2.7766E+05	2.8402E+05
5.94	2.0306E+05	2.4760E+05	2.6709E+05	2.7752E+05	2.8388E+05
5.97	2.0276E+05	2.4741E+05	2.6694E+05	2.7737E+05	2.8372E+05
6.00	2.0247E+05	2.4721E+05	2.6678E+05	2.7722E+05	2.8357E+05
6.03	2.0216E+05	2.4700E+05	2.6661E+05	2.7705E+05	2.8340E+05
6.06	2.0186E+05	2.4679E+05	2.6643E+05	2.7689E+05	2.8323E+05
6.09	2.0154E+05	2.4657E+05	2.6625E+05	2.7671E+05	2.8306E+05
6.12	2.0122E+05	2.4635E+05	2.6607E+05	2.7654E+05	2.8288E+05
6.15	2.0090E+05	2.4612E+05	2.6588E+05	2.7635E+05	2.8269E+05
6.18	2.0057E+05	2.4588E+05	2.6568E+05	2.7616E+05	2.8249E+05
6.21	2.0024E+05	2.4564E+05	2.6548E+05	2.7597E+05	2.8230E+05
6.24	1.9990E+05	2.4540E+05	2.6527E+05	2.7577E+05	2.8209E+05
6.27	1.9956E+05	2.4514E+05	2.6506E+05	2.7556E+05	2.8188E+05
6.30	1.9921E+05	2.4489E+05	2.6484E+05	2.7535E+05	2.8167E+05
6.33	1.9886E+05	2.4462E+05	2.6462E+05	2.7513E+05	2.8145E+05
6.36	1.9851E+05	2.4436E+05	2.6439E+05	2.7491E+05	2.8123E+05
6.39	1.9815E+05	2.4408E+05	2.6415E+05	2.7468E+05	2.8100E+05
6.42	1.9778E+05	2.4380E+05	2.6391E+05	2.7445E+05	2.8076E+05
6.45	1.9741E+05	2.4352E+05	2.6367E+05	2.7421E+05	2.8053E+05
6.48	1.9704E+05	2.4323E+05	2.6341E+05	2.7397E+05	2.8028E+05
6.51	1.9666E+05	2.4293E+05	2.6316E+05	2.7372E+05	2.8003E+05
6.54	1.9627E+05	2.4263E+05	2.6290E+05	2.7347E+05	2.7978E+05
6.57	1.9588E+05	2.4232E+05	2.6263E+05	2.7322E+05	2.7952E+05
6.60	1.9549E+05	2.4201E+05	2.6236E+05	2.7296E+05	2.7926E+05
6.63	1.9509E+05	2.4169E+05	2.6209E+05	2.7269E+05	2.7899E+05
6.66	1.9469E+05	2.4137E+05	2.6180E+05	2.7242E+05	2.7872E+05
6.69	1.9429E+05	2.4104E+05	2.6152E+05	2.7214E+05	2.7845E+05
6.72	1.9388E+05	2.4070E+05	2.6123E+05	2.7186E+05	2.7817E+05
6.75	1.9346E+05	2.4036E+05	2.6093E+05	2.7158E+05	2.7789E+05
6.78	1.9304E+05	2.4001E+05	2.6063E+05	2.7129E+05	2.7760E+05
6.81	1.9262E+05	2.3966E+05	2.6032E+05	2.7100E+05	2.7731E+05
6.84	1.9219E+05	2.3930E+05	2.6001E+05	2.7070E+05	2.7701E+05
6.87	1.9176E+05	2.3894E+05	2.5970E+05	2.7040E+05	2.7671E+05
6.90	1.9133E+05	2.3857E+05	2.5938E+05	2.7010E+05	2.7641E+05
6.93	1.9089E+05	2.3820E+05	2.5905E+05	2.6979E+05	2.7610E+05
6.96	1.9045E+05	2.3782E+05	2.5872E+05	2.6948E+05	2.7579E+05
6.99	1.9000E+05	2.3744E+05	2.5839E+05	2.6916E+05	2.7548E+05
7.02	1.8955E+05	2.3705E+05	2.5805E+05	2.6884E+05	2.7516E+05
7.05	1.8909E+05	2.3665E+05	2.5771E+05	2.6851E+05	2.7484E+05
7.08	1.8863E+05	2.3625E+05	2.5736E+05	2.6818E+05	2.7452E+05
7.11	1.8817E+05	2.3585E+05	2.5701E+05	2.6785E+05	2.7419E+05
7.14	1.8771E+05	2.3543E+05	2.5665E+05	2.6751E+05	2.7386E+05
7.17	1.8724E+05	2.3502E+05	2.5628E+05	2.6717E+05	2.7352E+05
7.20	1.8676E+05	2.3460E+05	2.5591E+05	2.6683E+05	2.7318E+05
7.23	1.8628E+05	2.3417E+05	2.5554E+05	2.6648E+05	2.7284E+05
7.26	1.8580E+05	2.3374E+05	2.5516E+05	2.6612E+05	2.7250E+05
7.29	1.8532E+05	2.3330E+05	2.5477E+05	2.6577E+05	2.7215E+05
7.32	1.8483E+05	2.3286E+05	2.5438E+05	2.6541E+05	2.7179E+05
7.35	1.8434E+05	2.3241E+05	2.5398E+05	2.6504E+05	2.7144E+05
7.38	1.8384E+05	2.3196E+05	2.5358E+05	2.6468E+05	2.7108E+05
7.41	1.8335E+05	2.3150E+05	2.5317E+05	2.6430E+05	2.7072E+05
7.44	1.8285E+05	2.3104E+05	2.5276E+05	2.6393E+05	2.7035E+05
7.47	1.8234E+05	2.3057E+05	2.5234E+05	2.6355E+05	2.6999E+05
7.50	1.8183E+05	2.3010E+05	2.5191E+05	2.6317E+05	2.6961E+05
7.53	1.8132E+05	2.2962E+05	2.5148E+05	2.6277E+05	2.6924E+05
7.56	1.8081E+05	2.2914E+05	2.5105E+05	2.6238E+05	2.6886E+05
7.59	1.8029E+05	2.2865E+05	2.5060E+05	2.6198E+05	2.6848E+05
7.62	1.7977E+05	2.2816E+05	2.5016E+05	2.6157E+05	2.6810E+05
7.65	1.7924E+05	2.2767E+05	2.4971E+05	2.6116E+05	2.6771E+05
7.68	1.7872E+05	2.2716E+05	2.4925E+05	2.6074E+05	2.6732E+05
7.71	1.7819E+05	2.2666E+05	2.4878E+05	2.6031E+05	2.6693E+05
7.74	1.7765E+05	2.2615E+05	2.4832E+05	2.5988E+05	2.6653E+05
7.77	1.7712E+05	2.2563E+05	2.4784E+05	2.5945E+05	2.6613E+05
7.80	1.7658E+05	2.2511E+05	2.4736E+05	2.5901E+05	2.6572E+05
7.83	1.7604E+05	2.2459E+05	2.4688E+05	2.5856E+05	2.6530E+05
7.86	1.7550E+05	2.2406E+05	2.4639E+05	2.5811E+05	2.6488E+05
7.89	1.7495E+05	2.2353E+05	2.4590E+05	2.5765E+05	2.6446E+05
7.92	1.7440E+05	2.2299E+05	2.4540E+05	2.5719E+05	2.6402E+05
7.95	1.7385E+05	2.2245E+05	2.4489E+05	2.5673E+05	2.6359E+05
7.98	1.7329E+05	2.2190E+05	2.4438E+05	2.5625E+05	2.6314E+05
8.01	1.7274E+05	2.2135E+05	2.4387E+05	2.5577E+05	2.6270E+05
8.04	1.7218E+05	2.2080E+05	2.4335E+05	2.5529E+05	2.6224E+05
8.07	1.7162E+05	2.2024E+05	2.4283E+05	2.5480E+05	2.6179E+05
8.10	1.7105E+05	2.1968E+05	2.4230E+05	2.5431E+05	2.6132E+05
8.13	1.7049E+05	2.1911E+05	2.4176E+05	2.5381E+05	2.6085E+05
8.16	1.6992E+05	2.1854E+05	2.4122E+05	2.5330E+05	2.6038E+05
8.19	1.6935E+05	2.1796E+05	2.4068E+05	2.5279E+05	2.5990E+05
8.22	1.6878E+05	2.1739E+05	2.4013E+05	2.5228E+05	2.5941E+05
8.25	1.6820E+05	2.1680E+05	2.3957E+05	2.5176E+05	2.5892E+05
8.28	1.6762E+05	2.1622E+05	2.3902E+05	2.5123E+05	2.5842E+05
8.31	1.6704E+05	2.1562E+05	2.3845E+05	2.5070E+05	2.5792E+05
8.34	1.6646E+05	2.1503E+05	2.3789E+05	2.5016E+05	2.5741E+05
8.37	1.6588E+05	2.1443E+05	2.3731E+05	2.4962E+05	2.5690E+05
8.40	1.6530E+05	2.1383E+05	2.3674E+05	2.4908E+05	2.5639E+05
8.43	1.6471E+05	2.1322E+05	2.3615E+05	2.4853E+05	2.5586E+05
8.46	1.6412E+05	2.1262E+05	2.3557E+05	2.4797E+05	2.5533E+05
8.49	1.6353E+05	2.1200E+05	2.3498E+05	2.4741E+05	2.5480E+05
8.52	1.6294E+05	2.1139E+05	2.3438E+05	2.4685E+05	2.5426E+05
8.55	1.6234E+05	2.1077E+05	2.3379E+05	2.4627E+05	2.5372E+05
8.58	1.6175E+05	2.1014E+05	2.3318E+05	2.4570E+05	2.5317E+05
8.61	1.6115E+05	2.0952E+05	2.3257E+05	2.4512E+05	2.5262E+05
8.64	1.6055E+05	2.0889E+05	2.3196E+05	2.4454E+05	2.5206E+05
8.67	1.5995E+05	2.0825E+05	2.3135E+05	2.4395E+05	2.5150E+05
8.70	1.5935E+05	2.0762E+05	2.3073E+05	2.4335E+05	2.5093E+05
8.73	1.5875E+05	2.0698E+05	2.3010E+05	2.4275E+05	2.5036E+05
8.76	1.5815E+05	2.0634E+05	2.2947E+05	2.4215E+05	2.4978E+05
8.79	1.5754E+05	2.0569E+05	2.2884E+05	2.4154E+05	2.4920E+05
8.82	1.5694E+05	2.0504E+05	2.2821E+05	2.4093E+05	2.4861E+05
8.85	1.5633E+05	2.0439E+05	2.2757E+05	2.4032E+05	2.4802E+05
8.88	1.5572E+05	2.0374E+05	2.2692E+05	2.3970E+05	2.4742E+05
8.91	1.5511E+05	2.0308E+05	2.2628E+05	2.3907E+05	2.4682E+05
8.94	1.5450E+05	2.0242E+05	2.2563E+05	2.3844E+05	2.4621E+05
8.97	1.5389E+05	2.0176E+05	2.2497E+05	2.3781E+05	2.4560E+05
9.00	1.5328E+05	2.0109E+05	2.2431E+05	2.3717E+05	2.4499E+05
9.03	1.5266E+05	2.0043E+05	2.2365E+05	2.3653E+05	2.4437E+05
9.06	1.5205E+05	1.9976E+05	2.2299E+05	2.3588E+05	2.4374E+05
9.09	1.5143E+05	1.9908E+05	2.2232E+05	2.3524E+05	2.4312E+05
9.12	1.5082E+05	1.9841E+05	2.2164E+05	2.3458E+05	2.4248E+05
9.15	1.5020E+05	1.9773E+05	2.2097E+05	2.3392E+05	2.4185E+05
9.18	1.4958E+05	1.9705E+05	2.2029E+05	2.3326E+05	2.4121E+05
9.21	1.4896E+05	1.9637E+05	2.1961E+05	2.3260E+05	2.4056E+05
9.24	1.4834E+05	1.9568E+05	2.1892E+05	2.3193E+05	2.3991E+05
9.27	1.4773E+05	1.9500E+05	2.1823E+05	2.3126E+05	2.3926E+05
9.30	1.4711E+05	1.9431E+05	2.1754E+05	2.3058E+05	2.3860E+05
9.33	1.4649E+05	1.9362E+05	2.1685E+05	2.2990E+05	2.3794E+05
9.36	1.4587E+05	1.9293E+05	2.1615E+05	2.2922E+05	2.3727E+05
9.39	1.4524E+05	1.9223E+05	2.1545E+05	2.2853E+05	2.3660E+05
9.42	1.4462E+05	1.9153E+05	2.1475E+05	2.2784E+05	2.3593E+05
9.45	1.4400E+05	1.9084E+05	2.1404E+05	2.2715E+05	2.3525E+05
9.48	1.4338E+05	1.9014E+05	2.1333E+05	2.2645E+05	2.3457E+05
9.51	1.4276E+05	1.8943E+05	2.1262E+05	2.2575E+05	2.3389E+05
9.54	1.4214E+05	1.8873E+05	2.1191E+05	2.2505E+05	2.3320E+05
9.57	1.4151E+05	1.8802E+05	2.1119E+05	2.2434E+05	2.3251E+05
9.60	1.4089E+05	1.8732E+05	2.1047E+05	2.2363E+05	2.3182E+05
9.63	1.4027E+05	1.8661E+05	2.0975E+05	2.2292E+05	2.3112E+05
9.66	1.3965E+05	1.8590E+05	2.0903E+05	2.2220E+05	2.3042E+05
9.69	1.3902E+05	1.8519E+05	2.0830E+05	2.2148E+05	2.2971E+05
9.72	1.3840E+05	1.8448E+05	2.0757E+05	2.2076E+05	2.2900E+05
9.75	1.3778E+05	1.8376E+05	2.0684E+05	2.2004E+05	2.2829E+05
9.78	1.3716E+05	1.8305E+05	2.0611E+05	2.1931E+05	2.2757E+05
9.81	1.3653E+05	1.8233E+05	2.0538E+05	2.1858E+05	2.2686E+05
9.84	1.3591E+05	1.8161E+05	2.0464E+05	2.1785E+05	2.2614E+05
9.87	1.3529E+05	1.8090E+05	2.0390E+05	2.1711E+05	2.2541E+05
9.90	1.3467E+05	1.8018E+05	2.0316E+05	2.1637E+05	2.2469E+05
9.93	1.3405E+05	1.7946E+05	2.0242E+05	2.1563E+05	2.2396E+05
9.96	1.3343E+05	1.7874E+05	2.0167E+05	2.1489E+05	2.2322E+05
9.99	1.3281E+05	1.7801E+05	2.0093E+05	2.1415E+05	2.2249E+05
10.02	1.3219E+05	1.7729E+05	2.0018E+05	2.1340E+05	2.2175E+05
10.05	1.3157E+05	1.7657E+05	1.9943E+05	2.1265E+05	2.2101E+05
10.08	1.3095E+05	1.7584E+05	1.9868E+05	2.1190E+05	2.2027E+05
10.11	1.3033E+05	1.7512E+05	1.9793E+05	2.1115E+05	2.1952E+05
10.14	1.2972E+05	1.7439E+05	1.9717E+05	2.1039E+05	2.1877E+05
10.17	1.2910E+05	1.7367E+05	1.9642E+05	2.0963E+05	2.1802E+05
10.20	1.2848E+05	1.7294E+05	1.9566E+05	2.0887E+05	2.1727E+05
10.23	1.2787E+05	1.7221E+05	1.9490E+05	2.0811E+05	2.1651E+05
10.26	1.2725E+05	1.7149E+05	1.9415E+05	2.0735E+05	2.1575E+05
10.29	1.2664E+05	1.7076E+05	1.9339E+05	2.0659E+05	2.1499E+05
10.32	1.2603E+05	1.7003E+05	1.9263E+05	2.0582E+05	2.1423E+05
10.35	1.2541E+05	1.6930E+05	1.9186E+05	2.0505E+05	2.1347E+05
10.38	1.2480E+05	1.6858E+05	1.9110E+05	2.0428E+05	2.1270E+05
10.41	1.2419E+05	1.6785E+05	1.9034E+05	2.0351E+05	2.1194E+05
10.44	1.2358E+05	1.6712E+05	1.8957E+05	2.0274E+05	2.1117E+05
10.47	1.2297E+05	1.6639E+05	1.8881E+05	2.0196E+05	2.1040E+05
10.50	1.2236E+05	1.6566E+05	1.8804E+05	2.0119E+05	2.0962E+05
10.53	1.2176E+05	1.6493E+05	1.8727E+05	2.0041E+05	2.0885E+05
10.56	1.2115E+05	1.6421E+05	1.8651E+05	1.9964E+05	2.0807E+05
10.59	1.2055E+05	1.6348E+05	1.8574E+05	1.9886E+05	2.0729E+05
10.62	1.1994E+05	1.6275E+05	1.8497E+05	1.9808E+05	2.0651E+05
10.65	1.1934E+05	1.6202E+05	1.8420E+05	1.9730E+05	2.0573E+05
10.68	1.1874E+05	1.6130E+05	1.8343E+05	1.9652E+05	2.0495E+05
10.71	1.1814E+05	1.6057E+05	1.8266E+05	1.9573E+05	2.0417E+05
10.74	1.1754E+05	1.5984E+05	1.8189E+05	1.9495E+05	2.0338E+05
10.77	1.1694E+05	1.5912E+05	1.8112E+05	1.9417E+05	2.0260E+05
10.80	1.1634E+05	1.5839E+05	1.8035E+05	1.9338E+05	2.0181E+05
10.83	1.1575E+05	1.5767E+05	1.7958E+05	1.9260E+05	2.0102E+05
10.86	1.1515E+05	1.5694E+05	1.7881E+05	1.9181E+05	2.0023E+05
10.89	1.1456E+05	1.5622E+05	1.7804E+05	1.9102E+05	1.9945E+05
10.92	1.1397E+05	1.5549E+05	1.7727E+05	1.9024E+05	1.9865E+05
10.95	1.1338E+05	1.5477E+05	1.7650E+05	1.8945E+05	1.9786E+05
10.98	1.1279E+05	1.5405E+05	1.7573E+05	1.8866E+05	1.9707E+05
11.01	1.1220E+05	1.5333E+05	1.7496E+05	1.8787E+05	1.9628E+05
11.04	1.1161E+05	1.5261E+05	1.7419E+05	1.8708E+05	1.9548E+05
11.07	1.1103E+05	1.5189E+05	1.7342E+05	1.8630E+05	1.9469E+05
11.10	1.1045E+05	1.5117E+05	1.7265E+05	1.8551E+05	1.9390E+05
11.13	1.0986E+05	1.5045E+05	1.7188E+05	1.8472E+05	1.9310E+05
11.16	1.0928E+05	1.4974E+05	1.7111E+05	1.8393E+05	1.9231E+05
11.19	1.0870E+05	1.4902E+05	1.7034E+05	1.8314E+05	1.9151E+05
11.22	1.0813E+05	1.4831E+05	1.6957E+05	1.8235E+05	1.9071E+05
11.25	1.0755E+05	1.4759E+05	1.6881E+05	1.8156E+05	1.8992E+05
11.28	1.0698E+05	1.4688E+05	1.6804E+05	1.8078E+05	1.8912E+05
11.31	1.0640E+05	1.4617E+05	1.6727E+05	1.7999E+05	1.8832E+05
11.34	1.0583E+05	1.4546E+05	1.6651E+05	1.7920E+05	1.8753E+05
11.37	1.0526E+05	1.4475E+05	1.6574E+05	1.7841E+05	1.8673E+05
11.40	1.0469E+05	1.4404E+05	1.6498E+05	1.7763E+05	1.8593E+05
11.43	1.0413E+05	1.4334E+05	1.6422E+05	1.7684E+05	1.8514E+05
11.46	1.0356E+05	1.4263E+05	1.6345E+05	1.7605E+05	1.8434E+05
11.49	1.0300E+05	1.4193E+05	1.6269E+05	1.7527E+05	1.8355E+05
11.52	1.0244E+05	1.4123E+05	1.6193E+05	1.7448E+05	1.8275E+05
11.55	1.0188E+05	1.4053E+05	1.6117E+05	1.7370E+05	1.8195E+05
11.58	1.0132E+05	1.3983E+05	1.6042E+05	1.7291E+05	1.8116E+05
11.61	1.0076E+05	1.3913E+05	1.5966E+05	1.7213E+05	1.8036E+05
11.64	1.0021E+05	1.3843E+05	1.5890E+05	1.7135E+05	1.7957E+05
11.67	9.9656E+04	1.3774E+05	1.5815E+05	1.7057E+05	1.7877E+05
11.70	9.9105E+04	1.3704E+05	1.5739E+05	1.6978E+05	1.7798E+05
11.73	9.8555E+04	1.3635E+05	1.5664E+05	1.6900E+05	1.7719E+05
11.76	9.8008E+04	1.3566E+05	1.5589E+05	1.6823E+05	1.7640E+05
11.79	9.7462E+04	1.3497E+05	1.5514E+05	1.6745E+05	1.7560E+05
11.82	9.6918E+04	1.3428E+05	1.5439E+05	1.6667E+05	1.7481E+05
11.85	9.6375E+04	1.3360E+05	1.5365E+05	1.6589E+05	1.7402E+05
11.88	9.5835E+04	1.3291E+05	1.5290E+05	1.6512E+05	1.7323E+05
11.91	9.5296E+04	1.3223E+05	1.5216E+05	1.6435E+05	1.7245E+05
11.94	9.4759E+04	1.3155E+05	1.5141E+05	1.6357E+05	1.7166E+05
11.97	9.4225E+04	1.3087E+05	1.5067E+05	1.6280E+05	1.7087E+05
12.00	9.3691E+04	1.3019E+05	1.4993E+05	1.6203E+05	1.7009E+05
