0	0
0	0
0.000100000000000000	20
0.000200000000000000	40
0.000300000000000000	60.0000000000000
0.000400000000000000	80.0000000000000
0.000500000000000000	99.9999999999955
0.000600000000000000	119.999999999795
0.000700000000000000	139.999999994780
0.000800000000000000	159.999999913798
0.000900000000000000	179.999998977369
0.00100000000000000	199.999990653996
0.00110000000000000	219.999930837436
0.00120000000000000	239.999570044020
0.00130000000000000	259.997691152550
0.00140000000000000	279.989057084575
0.00150000000000000	299.953460628415
0.00160000000000000	319.820307583053
0.00170000000000000	339.367068044091
0.00180000000000000	357.981861477801
0.00190000000000000	374.338846942039
0.00200000000000000	386.647040938539
0.00210000000000000	394.181247281093
0.00220000000000000	398.093185579224
0.00230000000000000	400.039316919960
0.00240000000000000	401.095631285667
0.00250000000000000	401.775384478816
0.00260000000000000	402.297152920780
0.00270000000000000	402.751580834319
0.00280000000000000	403.176588837230
0.00290000000000000	403.588391904226
0.00300000000000000	403.994106648680
0.00310000000000000	404.396940950379
0.00320000000000000	404.798378796402
0.00330000000000000	405.199123873140
0.00340000000000000	405.599517750225
0.00350000000000000	405.999729920292
0.00360000000000000	406.399846253874
0.00370000000000000	406.799911116639
0.00380000000000000	407.199947858509
0.00390000000000000	407.599968985593
0.00400000000000000	407.999981307993
0.00410000000000000	408.399988592809
0.00420000000000000	408.799992955177
0.00430000000000000	409.199995599654
0.00440000000000000	409.599997221551
0.00450000000000000	409.999998227421
0.00460000000000000	410.399998857913
0.00470000000000000	410.799999257154
0.00480000000000000	411.199999512436
0.00490000000000000	411.599999677199
0.00500000000000000	411.999999784496
0.00510000000000000	412.399999854972
0.00520000000000000	412.799999901647
0.00530000000000000	413.199999932805
0.00540000000000000	413.599999953764
0.00550000000000000	413.999999967967
0.00560000000000000	414.399999977659
0.00570000000000000	414.799999984320
0.00580000000000000	415.199999988926
0.00590000000000000	415.599999992133
0.00600000000000000	415.999999994379
0.00610000000000000	416.399999995961
0.00620000000000000	416.799999997082
0.00630000000000000	417.199999997881
0.00640000000000000	417.599999998454
0.00650000000000000	417.999999998866
0.00660000000000000	418.399999999164
0.00670000000000000	418.799999999381
0.00680000000000000	419.199999999540
0.00690000000000000	419.599999999657
0.00700000000000000	419.999999999742
0.00710000000000000	420.399999999806
0.00720000000000000	420.799999999853
0.00730000000000000	421.199999999889
0.00740000000000000	421.599999999915
0.00750000000000000	421.999999999935
0.00760000000000000	422.399999999950
0.00770000000000000	422.799999999962
0.00780000000000000	423.199999999970
0.00790000000000000	423.599999999977
0.00800000000000000	423.999999999982
0.00800000000000000	423.999999999982
0.00790000000000000	404.001261913351
0.00780000000000000	384.013140102209
0.00770000000000000	364.051707684735
0.00760000000000000	344.136562914945
0.00750000000000000	324.289791862356
0.00740000000000000	304.535325295727
0.00730000000000000	284.898433668572
0.00720000000000000	265.405286105845
0.00710000000000000	246.082545040993
0.00700000000000000	226.956985381725
0.00690000000000000	208.055134924265
0.00680000000000000	189.402936644751
0.00670000000000000	171.025435442160
0.00660000000000000	152.946492727577
0.00650000000000000	135.188532362259
0.00640000000000000	117.772321077527
0.00630000000000000	100.716785820423
0.00620000000000000	84.0388695793222
0.00610000000000000	67.7534262506736
0.00600000000000000	51.8731540938666
0.00590000000000000	36.4085663537143
0.00580000000000000	21.3679967631227
0.00570000000000000	6.75763691147063
0.00560000000000000	-7.41839809816634
0.00550000000000000	-21.1579796663653
0.00540000000000000	-34.4608555645465
0.00530000000000000	-47.3285238754775
0.00520000000000000	-59.7640951339608
0.00510000000000000	-71.7721465769773
0.00500000000000000	-83.3585721004312
0.00490000000000000	-94.5304311399855
0.00480000000000000	-105.295799271946
0.00470000000000000	-115.663622889920
0.00460000000000000	-125.643579873788
0.00450000000000000	-135.245947745313
0.00440000000000000	-144.481480411588
0.00430000000000000	-153.361294241741
0.00420000000000000	-161.896763909080
0.00410000000000000	-170.099428162235
0.00400000000000000	-177.980905464907
0.00390000000000000	-185.552819262649
0.00380000000000000	-192.826732493688
0.00370000000000000	-199.814090855184
0.00360000000000000	-206.526174262309
0.00350000000000000	-212.974055890480
0.00340000000000000	-219.168568166789
0.00330000000000000	-225.120275070807
0.00320000000000000	-230.839450113891
0.00310000000000000	-236.336059386285
0.00300000000000000	-241.619749089924
0.00290000000000000	-246.699837009298
0.00280000000000000	-251.585307410895
0.00270000000000000	-256.284808901987
0.00260000000000000	-260.806654820404
0.00250000000000000	-265.158825767420
0.00240000000000000	-269.348973935182
0.00230000000000000	-273.384428917584
0.00220000000000000	-277.272204728847
0.00210000000000000	-281.019007786888
0.00200000000000000	-284.631245648948
0.00190000000000000	-288.115036314607
0.00180000000000000	-291.476217936483
0.00170000000000000	-294.720358801532
0.00160000000000000	-297.852767466166
0.00150000000000000	-300.878502946425
0.00140000000000000	-303.802384880407
0.00130000000000000	-306.629003594226
0.00120000000000000	-309.362730015090
0.00110000000000000	-312.007725385797
0.00100000000000000	-314.567950744299
0.000900000000000000	-317.047176139990
0.000800000000000000	-319.448989565291
0.000700000000000000	-321.776805586986
0.000600000000000000	-324.033873666784
0.000500000000000000	-326.223286164796
0.000400000000000000	-328.347986023148
0.000300000000000000	-330.410774129906
0.000200000000000000	-332.414316365902
0.000100000000000000	-334.361150339043
0	-336.253691812237
-9.99999999999999e-05	-338.094240832378
-0.000200000000000000	-339.884987568759
-0.000300000000000000	-341.628017870043
-0.000400000000000000	-343.325318549439
-0.000500000000000000	-344.978782408085
-0.000600000000000000	-346.590213006854
-0.000700000000000000	-348.161329196892
-0.000800000000000000	-349.693769419180
-0.000900000000000000	-351.189095783338
-0.00100000000000000	-352.648797935727
-0.00100000000000000	-352.648797935727
-0.000900000000000000	-332.649536477260
-0.000800000000000000	-312.657428493262
-0.000700000000000000	-292.685135671568
-0.000600000000000000	-272.749496398285
-0.000500000000000000	-252.870629434927
-0.000400000000000000	-233.071334953614
-0.000300000000000000	-213.376595455231
-0.000200000000000000	-193.813114528266
-9.99999999999999e-05	-174.408868828801
0	-155.192664096110
0.000100000000000000	-136.193693864835
0.000200000000000000	-117.441104018152
0.000300000000000000	-98.9635689752682
0.000400000000000000	-80.7888867560862
0.000500000000000000	-62.9436007186677
0.000600000000000000	-45.4526555975987
0.000700000000000000	-28.3390947174386
0.000800000000000000	-11.6238040407212
0.000900000000000000	4.67469283650013
0.00100000000000000	20.5403863741225
0.00110000000000000	35.9598789087463
0.00120000000000000	50.9224298122058
0.00130000000000000	65.4199507964374
0.00140000000000000	79.4469555353074
0.00150000000000000	93.0004688407583
0.00160000000000000	106.079901373992
0.00170000000000000	118.686896290017
0.00180000000000000	130.825154325226
0.00190000000000000	142.500243679042
0.00200000000000000	153.719400659648
0.00210000000000000	164.491326513394
0.00220000000000000	174.825985191711
0.00230000000000000	184.734406078617
0.00240000000000000	194.228494950950
0.00250000000000000	203.320855708948
0.00260000000000000	212.024624725134
0.00270000000000000	220.353319034612
0.00280000000000000	228.320699042240
0.00290000000000000	235.940645957496
0.00300000000000000	243.227053786684
0.00310000000000000	250.193735410963
0.00320000000000000	256.854342051115
0.00330000000000000	263.222295257985
0.00340000000000000	269.310730462136
0.00350000000000000	275.132451058275
0.00360000000000000	280.699891980664
0.00370000000000000	286.025091736787
0.00380000000000000	291.119671900669
0.00390000000000000	295.994823118185
0.00400000000000000	300.661296738920
0.00410000000000000	305.129401258395
0.00420000000000000	309.409002827087
0.00430000000000000	313.509529155921
0.00440000000000000	317.439976219780
0.00450000000000000	321.208917229381
0.00460000000000000	324.824513406795
0.00470000000000000	328.294526160050
0.00480000000000000	331.626330307510
0.00490000000000000	334.826928052755
0.00500000000000000	337.902963455715
0.00510000000000000	340.860737185887
0.00520000000000000	343.706221378908
0.00530000000000000	346.445074448891
0.00540000000000000	349.082655736048
0.00550000000000000	351.624039892664
0.00560000000000000	354.074030930702
0.00570000000000000	356.437175871677
0.00580000000000000	358.717777954160
0.00590000000000000	360.919909366702
0.00600000000000000	363.047423484455
0.00610000000000000	365.103966596428
0.00620000000000000	367.092989117510
0.00630000000000000	369.017756285287
0.00640000000000000	370.881358346414
0.00650000000000000	372.686720241115
0.00660000000000000	374.436610797359
0.00670000000000000	376.133651448569
0.00680000000000000	377.780324490434
0.00690000000000000	379.378980893598
0.00700000000000000	380.931847689894
0.00710000000000000	382.441034950203
0.00720000000000000	383.908542372328
0.00730000000000000	385.336265497196
0.00740000000000000	386.726001571599
0.00750000000000000	388.079455075311
0.00760000000000000	389.398242930029
0.00770000000000000	390.683899407065
0.00780000000000000	391.937880750143
0.00790000000000000	393.161569529044
0.00800000000000000	394.356278739199
0.00810000000000000	395.523255661674
0.00820000000000000	396.663685497306
0.00830000000000000	397.778694788108
0.00840000000000000	398.869354638384
0.00850000000000000	399.936683747358
0.00860000000000000	400.981651264491
0.00870000000000000	402.005179478039
0.00880000000000000	403.008146346850
0.00890000000000000	403.991387884772
0.00900000000000000	404.955700406584
0.00910000000000000	405.901842643758
0.00920000000000000	406.830537737947
0.00930000000000000	407.742475119566
0.00940000000000000	408.638312278425
0.00950000000000000	409.518676432939
0.00960000000000000	410.384166104048
0.00970000000000000	411.235352599598
0.00980000000000000	412.072781414593
0.00990000000000000	412.896973552379
0.0100000000000000	413.708426771532
0.0101000000000000	414.507616762889
0.0102000000000000	415.294998260935
0.0103000000000000	416.071006093443
0.0104000000000000	416.836056173079
0.0105000000000000	417.590546434395
0.0106000000000000	418.334857719470
0.0107000000000000	419.069354615221
0.0108000000000000	419.794386245249
0.0109000000000000	420.510287018867
0.0110000000000000	421.217377339843
0.0111000000000000	421.915964277188
0.0112000000000000	422.606342200205
0.0113000000000000	423.288793379864
0.0114000000000000	423.963588558451
0.0115000000000000	424.630987489311
0.0116000000000000	425.291239448384
0.0117000000000000	425.944583719175
0.0118000000000000	426.591250052619
0.0119000000000000	427.231459103309
0.0120000000000000	427.865422843372
0.0121000000000000	428.493344955286
0.0122000000000000	429.115421204779
0.0123000000000000	429.731839794938
0.0124000000000000	430.342781702562
0.0125000000000000	430.948420997728
0.0126000000000000	431.548925147505
0.0127000000000000	432.144455304663
0.0128000000000000	432.735166582212
0.0129000000000000	433.321208314517
0.0130000000000000	433.902724305723
0.0131000000000000	434.479853066172
0.0132000000000000	435.052728037440
0.0133000000000000	435.621477806610
0.0134000000000000	436.186226310338
0.0135000000000000	436.747093029263
0.0136000000000000	437.304193173248
0.0137000000000000	437.857637857951
0.0138000000000000	438.407534273146
0.0139000000000000	438.953985843256
0.0140000000000000	439.497092380459
0.0140000000000000	439.497092380459
0.0139000000000000	419.503846033944
0.0138000000000000	399.550360699967
0.0137000000000000	379.675101001908
0.0136000000000000	359.915377047396
0.0135000000000000	340.307153819713
0.0134000000000000	320.884803259177
0.0133000000000000	301.680861758780
0.0132000000000000	282.725811986243
0.0131000000000000	264.047897841430
0.0130000000000000	245.672977098534
0.0129000000000000	227.624413760550
0.0128000000000000	209.923010348153
0.0127000000000000	192.586978943507
0.0126000000000000	175.631948705341
0.0125000000000000	159.071006724746
0.0124000000000000	142.914768480917
0.0123000000000000	127.171473764577
0.0122000000000000	111.847103743530
0.0121000000000000	96.9455148251583
0.0120000000000000	82.4685850969817
0.0119000000000000	68.4163693694364
0.0118000000000000	54.7872591755227
0.0117000000000000	41.5781444720753
0.0116000000000000	28.7845742120310
0.0115000000000000	16.4009133943738
0.0114000000000000	4.42049463043185
0.0113000000000000	-7.16423732220454
0.0112000000000000	-18.3615892240678
0.0111000000000000	-29.1804920363763
0.0110000000000000	-39.6303831363670
0.0109000000000000	-49.7210983170119
0.0108000000000000	-59.4627736016940
0.0107000000000000	-68.8657567233983
0.0106000000000000	-77.9405279741075
0.0105000000000000	-86.6976300198065
0.0104000000000000	-95.1476061958570
0.0103000000000000	-103.300946742523
0.0102000000000000	-111.168042407148
0.0101000000000000	-118.759144824189
0.0100000000000000	-126.084333083577
0.00990000000000000	-133.153485908632
0.00980000000000000	-139.976258884315
0.00970000000000000	-146.562066202586
0.00960000000000000	-152.920066422180
0.00950000000000000	-159.059151773470
0.00940000000000000	-164.987940574005
0.00930000000000000	-170.714772355687
0.00920000000000000	-176.247705339629
0.00910000000000000	-181.594515928734
0.00900000000000000	-186.762699920722
0.00890000000000000	-191.759475175148
0.00880000000000000	-196.591785496887
0.00870000000000000	-201.266305525401
0.00860000000000000	-205.789446443774
0.00850000000000000	-210.167362344163
0.00840000000000000	-214.405957106836
0.00830000000000000	-218.510891668545
0.00820000000000000	-222.487591572753
0.00810000000000000	-226.341254709150
0.00800000000000000	-230.076859163291
0.00790000000000000	-233.699171109020
0.00780000000000000	-237.212752686842
0.00770000000000000	-240.621969820641
0.00760000000000000	-243.930999933243
0.00750000000000000	-247.143839528445
0.00740000000000000	-250.264311613261
0.00730000000000000	-253.296072939559
0.00720000000000000	-256.242621048846
0.00710000000000000	-259.107301107985
0.00700000000000000	-261.893312527040
0.00690000000000000	-264.603715353351
0.00680000000000000	-267.241436438432
0.00670000000000000	-269.809275376366
0.00660000000000000	-272.309910214114
0.00650000000000000	-274.745902935623
0.00640000000000000	-277.119704722791
0.00630000000000000	-279.433660997343
0.00620000000000000	-281.690016248431
0.00610000000000000	-283.890918651407
0.00600000000000000	-286.038424483677
0.00590000000000000	-288.134502343890
0.00580000000000000	-290.181037180991
0.00570000000000000	-292.179834139790
0.00560000000000000	-294.132622229823
0.00550000000000000	-296.041057824273
0.00540000000000000	-297.906727995726
0.00530000000000000	-299.731153695427
0.00520000000000000	-301.515792782651
0.00510000000000000	-303.262042910615
0.00500000000000000	-304.971244275257
0.00490000000000000	-306.644682232990
0.00480000000000000	-308.283589793402
0.00470000000000000	-309.889149992633
0.00460000000000000	-311.462498153002
0.00450000000000000	-313.004724034231
0.00440000000000000	-314.516873881402
0.00430000000000000	-315.999952374611
0.00420000000000000	-317.454924485029
0.00410000000000000	-318.882717241935
0.00400000000000000	-320.284221415037
0.00390000000000000	-321.660293116242
0.00380000000000000	-323.011755324835
0.00370000000000000	-324.339399339828
0.00360000000000000	-325.643986163096
0.00350000000000000	-326.926247816723
0.00340000000000000	-328.186888597814
0.00330000000000000	-329.426586273897
0.00320000000000000	-330.645993221849
0.00310000000000000	-331.845737513178
0.00300000000000000	-333.026423948310
0.00290000000000000	-334.188635042430
0.00280000000000000	-335.332931965283
0.00270000000000000	-336.459855437224
0.00260000000000000	-337.569926583686
0.00250000000000000	-338.663647750135
0.00240000000000000	-339.741503279458
0.00230000000000000	-340.803960253661
0.00220000000000000	-341.851469201609
0.00210000000000000	-342.884464774511
0.00200000000000000	-343.903366390723
0.00190000000000000	-344.908578851366
0.00180000000000000	-345.900492928207
0.00170000000000000	-346.879485925134
0.00160000000000000	-347.845922214538
0.00150000000000000	-348.800153749792
0.00140000000000000	-349.742520555007
0.00130000000000000	-350.673351193149
0.00120000000000000	-351.592963213572
0.00110000000000000	-352.501663579933
0.00100000000000000	-353.399749079453
0.000900000000000000	-354.287506714399
0.000800000000000000	-355.165214076630
0.000700000000000000	-356.033139706020
0.000600000000000000	-356.891543433513
0.000500000000000000	-357.740676709529
0.000400000000000000	-358.580782918418
0.000300000000000000	-359.412097679603
0.000200000000000000	-360.234849136040
0.000100000000000000	-361.049258230579
0	-361.855538970783
-9.99999999999999e-05	-362.653898682743
-0.000200000000000000	-363.444538254385
-0.000300000000000000	-364.227652368758
-0.000400000000000000	-365.003429727748
-0.000500000000000000	-365.772053266666
-0.000600000000000000	-366.533700360106
-0.000700000000000000	-367.288543019482
-0.000800000000000000	-368.036748082596
-0.000900000000000000	-368.778477395623
-0.00100000000000000	-369.513887987814