   0.00000000000000e+00   0.00000000000000e+00
   1.00000000000000e-05   5.85738807958326e-01
   2.00000000000000e-05   1.16902775247701e+00
   3.00000000000000e-05   1.74980010636734e+00
   4.00000000000000e-05   2.32750037402378e+00
   5.00000000000000e-05   2.89982117807367e+00
   6.00000000000000e-05   3.45992795605586e+00
   7.00000000000000e-05   3.99162538093831e+00
   8.00000000000000e-05   4.46281442305601e+00
   9.00000000000000e-05   4.82027746930706e+00
   1.00000000000000e-04   4.99359283204512e+00
   1.10000000000000e-04   4.91810335313361e+00
   1.20000000000000e-04   4.57453058016654e+00
   1.30000000000000e-04   4.01608827648556e+00
   1.40000000000000e-04   3.35042340364622e+00
   1.50000000000000e-04   2.68785356810742e+00
   1.40000000000000e-04   2.38084069720796e+00
   1.30000000000000e-04   2.07382782630851e+00
   1.20000000000000e-04   1.76681495540906e+00
   1.10000000000000e-04   1.45980208450960e+00
   1.00000000000000e-04   1.15278921361015e+00
   9.00000000000000e-05   8.45776342710694e-01
   8.00000000000000e-05   5.38763471811240e-01
   7.00000000000000e-05   2.31750600911786e-01
   6.00000000000000e-05  -5.90438000454211e-02
   5.00000000000000e-05  -2.99897637748274e-01
   4.00000000000000e-05  -5.40751475451127e-01
   3.00000000000000e-05  -7.81605313153980e-01
   2.00000000000000e-05  -1.02245915085683e+00
   1.00000000000000e-05  -1.26331298855969e+00
   2.37169225231204e-20  -1.50416682626254e+00
  -9.99999999999998e-06  -1.74502066396539e+00
  -2.00000000000000e-05  -1.98587450166825e+00
  -3.00000000000000e-05  -2.22672833937110e+00
  -4.00000000000000e-05  -2.46758217707395e+00
  -5.00000000000000e-05  -2.70843601477681e+00
  -6.00000000000000e-05  -2.94928985247966e+00
  -7.00000000000000e-05  -3.19014369018251e+00
  -8.00000000000000e-05  -3.43099752788537e+00
  -9.00000000000000e-05  -3.67185136558822e+00
  -1.00000000000000e-04  -3.91270520329107e+00
  -1.10000000000000e-04  -4.15355904099392e+00
  -1.20000000000000e-04  -4.39441287869678e+00
  -1.30000000000000e-04  -4.63526671639963e+00
  -1.40000000000000e-04  -4.87612055410248e+00
  -1.50000000000000e-04  -5.11697439180534e+00
  -1.60000000000000e-04  -5.35782822950819e+00
  -1.70000000000000e-04  -5.59868206721104e+00
  -1.80000000000000e-04  -5.83953590491390e+00
  -1.90000000000000e-04  -6.08038974261675e+00
  -2.00000000000000e-04  -6.32124358031960e+00
  -2.10000000000000e-04  -6.56209741802246e+00
  -2.20000000000000e-04  -6.80295125572531e+00
  -2.30000000000000e-04  -7.04380509342816e+00
  -2.40000000000000e-04  -7.28465893113102e+00
  -2.50000000000000e-04  -7.52551276883387e+00
  -2.60000000000000e-04  -7.76636660653672e+00
  -2.70000000000000e-04  -8.00722044423958e+00
  -2.80000000000000e-04  -8.24807428194243e+00
  -2.90000000000000e-04  -8.48892811964528e+00
  -3.00000000000000e-04  -8.72978195734814e+00
  -3.10000000000000e-04  -8.97063579505099e+00
  -3.20000000000000e-04  -9.21316144948667e+00
  -3.30000000000000e-04  -9.50107274478313e+00
  -3.40000000000000e-04  -9.78898404007959e+00
  -3.50000000000000e-04  -1.00768953353760e+01
  -3.60000000000000e-04  -1.03648066306725e+01
  -3.70000000000000e-04  -1.06527179259690e+01
  -3.80000000000000e-04  -1.09406292212654e+01
  -3.90000000000000e-04  -1.12285405165619e+01
  -4.00000000000000e-04  -1.15164518118583e+01
  -4.10000000000000e-04  -1.18043631071548e+01
  -4.20000000000000e-04  -1.20922744024513e+01
  -4.30000000000000e-04  -1.23801856977477e+01
  -4.40000000000001e-04  -1.26680969930442e+01
  -4.50000000000001e-04  -1.29560082883406e+01
  -4.60000000000001e-04  -1.32439195836371e+01
  -4.70000000000001e-04  -1.35318308789336e+01
  -4.80000000000001e-04  -1.38197421742300e+01
  -4.90000000000001e-04  -1.41076534695265e+01
  -5.00000000000001e-04  -1.43955647648229e+01
  -5.10000000000001e-04  -1.46834760601194e+01
  -5.20000000000001e-04  -1.49713873554158e+01
  -5.30000000000001e-04  -1.52592986507123e+01
  -5.40000000000001e-04  -1.55472099460088e+01
  -5.50000000000001e-04  -1.58351212413052e+01
  -5.60000000000001e-04  -1.61230325366017e+01
  -5.70000000000001e-04  -1.64109438318981e+01
  -5.80000000000001e-04  -1.66988551271946e+01
  -5.90000000000001e-04  -1.69867664224911e+01
  -6.00000000000001e-04  -1.72746777177875e+01
  -6.10000000000001e-04  -1.75625890130840e+01
  -6.20000000000001e-04  -1.78505003083804e+01
  -6.30000000000001e-04  -1.81384116036769e+01
  -6.40000000000001e-04  -1.84263228989734e+01
  -6.50000000000001e-04  -1.87142341942698e+01
  -6.60000000000001e-04  -1.90021454895663e+01
  -6.70000000000001e-04  -1.92900567848627e+01
  -6.80000000000001e-04  -1.95779680801592e+01
  -6.90000000000001e-04  -1.98658793754557e+01
  -7.00000000000001e-04  -2.01537906707521e+01
  -7.10000000000001e-04  -2.04417019660486e+01
  -7.20000000000001e-04  -2.07296132613450e+01
  -7.30000000000001e-04  -2.10175245566415e+01
  -7.40000000000001e-04  -2.13054358519380e+01
  -7.50000000000001e-04  -2.15933471472344e+01
  -7.60000000000001e-04  -2.18812584425309e+01
  -7.70000000000001e-04  -2.21691697378273e+01
  -7.80000000000001e-04  -2.24570810331238e+01
  -7.90000000000001e-04  -2.27449923284202e+01
  -8.00000000000001e-04  -2.30195461378139e+01
  -8.10000000000001e-04  -2.31559947519108e+01
  -8.20000000000002e-04  -2.32904976321696e+01
  -8.30000000000002e-04  -2.34230844237490e+01
  -8.40000000000002e-04  -2.35537839471497e+01
  -8.50000000000002e-04  -2.36826242241884e+01
  -8.60000000000002e-04  -2.38096325030410e+01
  -8.70000000000002e-04  -2.39348352823962e+01
  -8.80000000000002e-04  -2.40582583347568e+01
  -8.90000000000002e-04  -2.41799267289240e+01
  -9.00000000000002e-04  -2.42998648516991e+01
  -9.10000000000002e-04  -2.44180964288365e+01
  -9.20000000000002e-04  -2.45346445452758e+01
  -9.30000000000002e-04  -2.46495316646867e+01
  -9.40000000000002e-04  -2.47627796483509e+01
  -9.50000000000002e-04  -2.48744097734109e+01
  -9.60000000000002e-04  -2.49844427505091e+01
  -9.70000000000002e-04  -2.50928987408435e+01
  -9.80000000000002e-04  -2.51997973726618e+01
  -9.90000000000002e-04  -2.53051577572167e+01
  -1.00000000000000e-03  -2.54089985042041e+01
  -1.01000000000000e-03  -2.55113377367038e+01
  -1.02000000000000e-03  -2.56121931056424e+01
  -1.03000000000000e-03  -2.57115818037971e+01
  -1.04000000000000e-03  -2.58095205793572e+01
  -1.05000000000000e-03  -2.59060257490620e+01
  -1.06000000000000e-03  -2.60011132109288e+01
  -1.07000000000000e-03  -2.60947984565886e+01
  -1.08000000000000e-03  -2.61870965832438e+01
  -1.09000000000000e-03  -2.62780223052604e+01
  -1.10000000000000e-03  -2.63675899654109e+01
  -1.11000000000000e-03  -2.64558135457790e+01
  -1.12000000000000e-03  -2.65427066783386e+01
  -1.13000000000000e-03  -2.66282826552196e+01
  -1.14000000000000e-03  -2.67125544386721e+01
  -1.15000000000000e-03  -2.67955346707387e+01
  -1.16000000000000e-03  -2.68772356826462e+01
  -1.17000000000000e-03  -2.69576695039266e+01
  -1.18000000000000e-03  -2.70368478712770e+01
  -1.19000000000000e-03  -2.71147822371671e+01
  -1.20000000000000e-03  -2.71914837782036e+01
  -1.21000000000000e-03  -2.72669634032598e+01
  -1.22000000000000e-03  -2.73412317613781e+01
  -1.23000000000000e-03  -2.74142992494541e+01
  -1.24000000000000e-03  -2.74861760197085e+01
  -1.25000000000000e-03  -2.75568719869548e+01
  -1.26000000000000e-03  -2.76263968356696e+01
  -1.27000000000000e-03  -2.76947600268709e+01
  -1.28000000000000e-03  -2.77619708048132e+01
  -1.29000000000000e-03  -2.78280382035024e+01
  -1.30000000000000e-03  -2.78929710530385e+01
  -1.31000000000000e-03  -2.79567779857908e+01
  -1.32000000000000e-03  -2.80194674424113e+01
  -1.33000000000000e-03  -2.80810476776909e+01
  -1.34000000000000e-03  -2.81415267662637e+01
  -1.35000000000000e-03  -2.82009126081647e+01
  -1.36000000000000e-03  -2.82592129342437e+01
  -1.37000000000000e-03  -2.83164353114422e+01
  -1.38000000000000e-03  -2.83725871479354e+01
  -1.39000000000000e-03  -2.84276756981444e+01
  -1.40000000000000e-03  -2.84817080676223e+01
  -1.41000000000000e-03  -2.85346912178178e+01
  -1.42000000000000e-03  -2.85866319707201e+01
  -1.43000000000000e-03  -2.86375370133883e+01
  -1.44000000000000e-03  -2.86874129023685e+01
  -1.45000000000000e-03  -2.87362660680026e+01
  -1.46000000000000e-03  -2.87841028186305e+01
  -1.47000000000000e-03  -2.88309293446904e+01
  -1.48000000000000e-03  -2.88767517227178e+01
  -1.49000000000000e-03  -2.89215759192483e+01
  -1.50000000000000e-03  -2.89654077946253e+01
  -1.51000000000000e-03  -2.90082531067152e+01
  -1.52000000000000e-03  -2.90501175145335e+01
  -1.53000000000000e-03  -2.90910065817826e+01
  -1.54000000000000e-03  -2.91309257803057e+01
  -1.55000000000000e-03  -2.91698804934564e+01
  -1.56000000000000e-03  -2.92078760193884e+01
  -1.57000000000000e-03  -2.92449175742656e+01
  -1.58000000000000e-03  -2.92810102953956e+01
  -1.59000000000000e-03  -2.93161592442881e+01
  -1.60000000000000e-03  -2.93503694096399e+01
  -1.61000000000000e-03  -2.93836457102481e+01
  -1.62000000000000e-03  -2.94159929978542e+01
  -1.63000000000000e-03  -2.94474160599184e+01
  -1.64000000000000e-03  -2.94779196223288e+01
  -1.65000000000000e-03  -2.95075083520444e+01
  -1.66000000000000e-03  -2.95361868596740e+01
  -1.67000000000000e-03  -2.95639597019934e+01
  -1.68000000000000e-03  -2.95908313844014e+01
  -1.69000000000000e-03  -2.96168063633150e+01
  -1.70000000000000e-03  -2.96418890485075e+01
  -1.71000000000000e-03  -2.96660838053879e+01
  -1.72000000000000e-03  -2.96893949572251e+01
  -1.73000000000000e-03  -2.97118267873160e+01
  -1.74000000000000e-03  -2.97333835411007e+01
  -1.75000000000000e-03  -2.97540694282238e+01
  -1.76000000000000e-03  -2.97738886245443e+01
  -1.77000000000000e-03  -2.97928452740941e+01
  -1.78000000000000e-03  -2.98109434909870e+01
  -1.79000000000000e-03  -2.98281873612779e+01
  -1.80000000000000e-03  -2.98445809447744e+01
  -1.81000000000000e-03  -2.98601282768009e+01
  -1.82000000000000e-03  -2.98748333699155e+01
  -1.83000000000000e-03  -2.98887002155823e+01
  -1.84000000000000e-03  -2.99017327857975e+01
  -1.85000000000000e-03  -2.99139350346726e+01
  -1.86000000000000e-03  -2.99253108999728e+01
  -1.87000000000000e-03  -2.99358643046140e+01
  -1.88000000000000e-03  -2.99455991581164e+01
  -1.89000000000000e-03  -2.99545193580177e+01
  -1.90000000000000e-03  -2.99626287912455e+01
  -1.91000000000000e-03  -2.99699313354488e+01
  -1.92000000000000e-03  -2.99764308602912e+01
  -1.93000000000000e-03  -2.99821312287043e+01
  -1.94000000000000e-03  -2.99870362981034e+01
  -1.95000000000000e-03  -2.99911499215651e+01
  -1.96000000000000e-03  -2.99944759489682e+01
  -1.97000000000000e-03  -2.99970182280979e+01
  -1.98000000000000e-03  -2.99987806057137e+01
  -1.99000000000000e-03  -2.99997669285819e+01
  -2.00000000000000e-03  -2.99999810444736e+01
  -2.01000000000000e-03  -2.99994268031276e+01
  -2.02000000000000e-03  -2.99981080571796e+01
  -2.03000000000000e-03  -2.99960286630576e+01
  -2.04000000000000e-03  -2.99931924818451e+01
  -2.05000000000000e-03  -2.99896033801106e+01
  -2.06000000000000e-03  -2.99852652307060e+01
  -2.07000000000000e-03  -2.99801819135327e+01
  -2.08000000000000e-03  -2.99743573162772e+01
  -2.09000000000000e-03  -2.99677953351151e+01
  -2.10000000000000e-03  -2.99604998753854e+01
  -2.11000000000000e-03  -2.99524748522351e+01
  -2.12000000000000e-03  -2.99437241912337e+01
  -2.13000000000000e-03  -2.99342518289592e+01
  -2.14000000000000e-03  -2.99240617135552e+01
  -2.15000000000000e-03  -2.99131578052601e+01
  -2.16000000000000e-03  -2.99015440769083e+01
  -2.17000000000000e-03  -2.98892245144038e+01
  -2.18000000000000e-03  -2.98762031171678e+01
  -2.19000000000000e-03  -2.98624838985583e+01
  -2.20000000000000e-03  -2.98480708862646e+01
  -2.21000000000000e-03  -2.98329681226754e+01
  -2.22000000000000e-03  -2.98171796652224e+01
  -2.23000000000000e-03  -2.98007095866975e+01
  -2.24000000000001e-03  -2.97835619755465e+01
  -2.25000000000001e-03  -2.97657409361382e+01
  -2.26000000000001e-03  -2.97472505890097e+01
  -2.27000000000001e-03  -2.97280950710882e+01
  -2.28000000000001e-03  -2.97082785358894e+01
  -2.29000000000001e-03  -2.96878051536941e+01
  -2.30000000000001e-03  -2.96666791117014e+01
  -2.31000000000001e-03  -2.96449046141604e+01
  -2.32000000000001e-03  -2.96224858824809e+01
  -2.33000000000001e-03  -2.95994271553216e+01
  -2.34000000000001e-03  -2.95757326886592e+01
  -2.35000000000001e-03  -2.95514067558350e+01
  -2.36000000000001e-03  -2.95264536475837e+01
  -2.37000000000001e-03  -2.95008776720403e+01
  -2.38000000000001e-03  -2.94746831547295e+01
  -2.39000000000001e-03  -2.94478744385349e+01
  -2.40000000000001e-03  -2.94204558836506e+01
  -2.41000000000001e-03  -2.93924318675134e+01
  -2.42000000000001e-03  -2.93638067847185e+01
  -2.43000000000001e-03  -2.93345850469170e+01
  -2.44000000000001e-03  -2.93047710826961e+01
  -2.45000000000001e-03  -2.92743693374433e+01
  -2.46000000000001e-03  -2.92433842731937e+01
  -2.47000000000001e-03  -2.92118203684615e+01
  -2.48000000000001e-03  -2.91796821180559e+01
  -2.49000000000001e-03  -2.91469740328820e+01
  -2.50000000000001e-03  -2.91137006397259e+01
  -2.51000000000001e-03  -2.90798664810270e+01
  -2.52000000000001e-03  -2.90454761146343e+01
  -2.53000000000001e-03  -2.90105341135502e+01
  -2.54000000000001e-03  -2.89750450656605e+01
  -2.55000000000001e-03  -2.89390135734513e+01
  -2.56000000000001e-03  -2.89024442537133e+01
  -2.57000000000001e-03  -2.88653417372339e+01
  -2.58000000000001e-03  -2.88277106684770e+01
  -2.59000000000001e-03  -2.87895557052518e+01
  -2.60000000000001e-03  -2.87508815183701e+01
  -2.61000000000001e-03  -2.87116927912924e+01
  -2.62000000000001e-03  -2.86719942197638e+01
  -2.63000000000001e-03  -2.86317905114403e+01
  -2.64000000000001e-03  -2.85910863855042e+01
  -2.65000000000001e-03  -2.85498865722708e+01
  -2.66000000000001e-03  -2.85081958127861e+01
  -2.67000000000001e-03  -2.84660188584154e+01
  -2.68000000000001e-03  -2.84233604704234e+01
  -2.69000000000001e-03  -2.83802254195468e+01
  -2.70000000000001e-03  -2.83366184855590e+01
  -2.71000000000001e-03  -2.82925444568271e+01
  -2.72000000000001e-03  -2.82480081298624e+01
  -2.73000000000001e-03  -2.82030143088637e+01
  -2.74000000000001e-03  -2.81575678052550e+01
  -2.75000000000001e-03  -2.81116734372164e+01
  -2.76000000000001e-03  -2.80653360292097e+01
  -2.77000000000001e-03  -2.80185604114990e+01
  -2.78000000000001e-03  -2.79713514196656e+01
  -2.79000000000001e-03  -2.79237138941185e+01
  -2.80000000000001e-03  -2.78756526796008e+01
  -2.81000000000001e-03  -2.78271726246916e+01
  -2.82000000000001e-03  -2.77782785813046e+01
  -2.83000000000001e-03  -2.77289754041826e+01
  -2.84000000000001e-03  -2.76792679503898e+01
  -2.85000000000001e-03  -2.76291610788002e+01
  -2.86000000000001e-03  -2.75786596495845e+01
  -2.87000000000001e-03  -2.75277685236939e+01
  -2.88000000000001e-03  -2.74764925623429e+01
  -2.89000000000001e-03  -2.74248366264891e+01
  -2.90000000000001e-03  -2.73728055763134e+01
  -2.91000000000001e-03  -2.73204042706971e+01
  -2.92000000000001e-03  -2.72676375667003e+01
  -2.93000000000001e-03  -2.72145103190377e+01
  -2.94000000000001e-03  -2.71610273795561e+01
  -2.95000000000001e-03  -2.71071935967100e+01
  -2.96000000000001e-03  -2.70530138150392e+01
  -2.97000000000001e-03  -2.69984928746456e+01
  -2.98000000000001e-03  -2.69436356106713e+01
  -2.99000000000001e-03  -2.68884468527779e+01
  -3.00000000000001e-03  -2.68329314246267e+01
  -2.99000000000001e-03  -2.66065993142280e+01
  -2.98000000000001e-03  -2.63802672038293e+01
  -2.97000000000001e-03  -2.61539350934305e+01
  -2.96000000000001e-03  -2.59276029830318e+01
  -2.95000000000001e-03  -2.57012708726331e+01
  -2.94000000000001e-03  -2.54749387622344e+01
  -2.93000000000001e-03  -2.52486066518357e+01
  -2.92000000000001e-03  -2.50222745414370e+01
  -2.91000000000001e-03  -2.47959424310383e+01
  -2.90000000000001e-03  -2.45696103206395e+01
  -2.89000000000001e-03  -2.43432782102408e+01
  -2.88000000000001e-03  -2.41169460998421e+01
  -2.87000000000001e-03  -2.38906139894434e+01
  -2.86000000000001e-03  -2.36642818790447e+01
  -2.85000000000001e-03  -2.34379497686460e+01
  -2.84000000000001e-03  -2.32116176582473e+01
  -2.83000000000001e-03  -2.29852855478485e+01
  -2.82000000000001e-03  -2.27589534374498e+01
  -2.81000000000001e-03  -2.25326213270511e+01
  -2.80000000000001e-03  -2.23062892166524e+01
  -2.79000000000001e-03  -2.20799571062537e+01
  -2.78000000000001e-03  -2.18536249958550e+01
  -2.77000000000001e-03  -2.16272928854562e+01
  -2.76000000000001e-03  -2.14009607750575e+01
  -2.75000000000001e-03  -2.11746286646588e+01
  -2.74000000000001e-03  -2.09482965542601e+01
  -2.73000000000001e-03  -2.07219644438614e+01
  -2.72000000000001e-03  -2.04956323334627e+01
  -2.71000000000001e-03  -2.02693002230640e+01
  -2.70000000000001e-03  -2.00429681126652e+01
  -2.69000000000001e-03  -1.98166360022665e+01
  -2.68000000000001e-03  -1.95903038918678e+01
  -2.67000000000001e-03  -1.93639717814691e+01
  -2.66000000000001e-03  -1.91376396710704e+01
  -2.65000000000001e-03  -1.89113075606717e+01
  -2.64000000000001e-03  -1.86849754502730e+01
  -2.63000000000001e-03  -1.84586433398742e+01
  -2.62000000000001e-03  -1.82323112294755e+01
  -2.61000000000001e-03  -1.80059791190768e+01
  -2.60000000000001e-03  -1.77796470086781e+01
  -2.59000000000001e-03  -1.75533148982794e+01
  -2.58000000000001e-03  -1.73269827878807e+01
  -2.57000000000001e-03  -1.71006506774820e+01
  -2.56000000000001e-03  -1.68743185670832e+01
  -2.55000000000001e-03  -1.66479864566845e+01
  -2.54000000000001e-03  -1.64216543462858e+01
  -2.53000000000001e-03  -1.61953222358871e+01
  -2.52000000000001e-03  -1.59689901254884e+01
  -2.51000000000001e-03  -1.57426580150897e+01
  -2.50000000000001e-03  -1.55163259046910e+01
  -2.49000000000001e-03  -1.52899937942922e+01
  -2.48000000000001e-03  -1.50636616838935e+01
  -2.47000000000001e-03  -1.48373295734948e+01
  -2.46000000000001e-03  -1.46109974630961e+01
  -2.45000000000001e-03  -1.43846653526974e+01
  -2.44000000000001e-03  -1.41583332422987e+01
  -2.43000000000001e-03  -1.39320011319000e+01
  -2.42000000000001e-03  -1.37056690215012e+01
  -2.41000000000001e-03  -1.34793369111025e+01
  -2.40000000000001e-03  -1.32530048007038e+01
  -2.39000000000001e-03  -1.30266726903051e+01
  -2.38000000000001e-03  -1.28003405799064e+01
  -2.37000000000001e-03  -1.25740084695077e+01
  -2.36000000000001e-03  -1.23476763591090e+01
  -2.35000000000001e-03  -1.21213442487102e+01
  -2.34000000000001e-03  -1.18950121383115e+01
  -2.33000000000001e-03  -1.16686800279128e+01
  -2.32000000000001e-03  -1.14423479175141e+01
  -2.31000000000001e-03  -1.12160158071154e+01
  -2.30000000000001e-03  -1.09896836967167e+01
  -2.29000000000001e-03  -1.07633515863180e+01
  -2.28000000000001e-03  -1.05370194759192e+01
  -2.27000000000001e-03  -1.03106873655205e+01
  -2.26000000000001e-03  -1.00843552551218e+01
  -2.25000000000001e-03  -9.85802314472310e+00
  -2.24000000000001e-03  -9.63169103432439e+00
  -2.23000000000000e-03  -9.40535892392567e+00
  -2.22000000000000e-03  -9.17902681352696e+00
  -2.21000000000000e-03  -8.95269470312824e+00
  -2.20000000000000e-03  -8.72636259272953e+00
  -2.19000000000000e-03  -8.50003048233081e+00
  -2.18000000000000e-03  -8.27369837193210e+00
  -2.17000000000000e-03  -8.04736626153338e+00
  -2.16000000000000e-03  -7.82103415113467e+00
  -2.15000000000000e-03  -7.59470204073595e+00
  -2.14000000000000e-03  -7.36836993033724e+00
  -2.13000000000000e-03  -7.14203781993853e+00
  -2.12000000000000e-03  -6.91570570953981e+00
  -2.11000000000000e-03  -6.68937359914110e+00
  -2.10000000000000e-03  -6.46304148874238e+00
  -2.09000000000000e-03  -6.23670937834367e+00
  -2.08000000000000e-03  -6.01037726794495e+00
  -2.07000000000000e-03  -5.78404515754624e+00
  -2.06000000000000e-03  -5.55771304714753e+00
  -2.05000000000000e-03  -5.33138093674881e+00
  -2.04000000000000e-03  -5.10504882635010e+00
  -2.03000000000000e-03  -4.87871671595138e+00
  -2.02000000000000e-03  -4.65238460555267e+00
  -2.01000000000000e-03  -4.42605249515395e+00
  -2.00000000000000e-03  -4.19972038475524e+00
  -1.99000000000000e-03  -3.97338827435652e+00
  -1.98000000000000e-03  -3.74705616395781e+00
  -1.97000000000000e-03  -3.52072405355910e+00
  -1.96000000000000e-03  -3.29439194316038e+00
  -1.95000000000000e-03  -3.06805983276167e+00
  -1.94000000000000e-03  -2.84172772236295e+00
  -1.93000000000000e-03  -2.61539561196424e+00
  -1.92000000000000e-03  -2.38906350156552e+00
  -1.91000000000000e-03  -2.16273139116681e+00
  -1.90000000000000e-03  -1.93639928076809e+00
  -1.89000000000000e-03  -1.71006717036938e+00
  -1.88000000000000e-03  -1.48373505997067e+00
  -1.87000000000000e-03  -1.25740294957195e+00
  -1.86000000000000e-03  -1.03107083917324e+00
  -1.85000000000000e-03  -8.04738728774522e-01
  -1.84000000000000e-03  -5.78406618375807e-01
  -1.83000000000000e-03  -3.52074507977093e-01
  -1.82000000000000e-03  -1.25742397578379e-01
  -1.81000000000000e-03   2.49921929410585e-03
  -1.80000000000000e-03   8.12259330844944e-03
  -1.79000000000000e-03   1.37459673227930e-02
  -1.78000000000000e-03   1.93693413371366e-02
  -1.77000000000000e-03   2.49927153514802e-02
  -1.76000000000000e-03   3.06160893658238e-02
  -1.75000000000000e-03   3.62394633801674e-02
  -1.74000000000000e-03   4.18628373945110e-02
  -1.73000000000000e-03   4.74862114088546e-02
  -1.72000000000000e-03   5.31095854231982e-02
  -1.71000000000000e-03   5.87329594375418e-02
  -1.70000000000000e-03   6.43563334518854e-02
  -1.69000000000000e-03   6.99797074662290e-02
  -1.68000000000000e-03   7.56030814805726e-02
  -1.67000000000000e-03   8.12264554949162e-02
  -1.66000000000000e-03   8.68498295092598e-02
  -1.65000000000000e-03   9.24732035236034e-02
  -1.64000000000000e-03   9.80965775379470e-02
  -1.63000000000000e-03   1.03719951552291e-01
  -1.62000000000000e-03   1.09343325566634e-01
  -1.61000000000000e-03   1.14966699580978e-01
  -1.60000000000000e-03   1.20590073595321e-01
  -1.59000000000000e-03   1.26213447609665e-01
  -1.58000000000000e-03   1.31836821624009e-01
  -1.57000000000000e-03   1.37460195638352e-01
  -1.56000000000000e-03   1.43083569652696e-01
  -1.55000000000000e-03   1.48706943667039e-01
  -1.54000000000000e-03   1.54330317681383e-01
  -1.53000000000000e-03   1.59953691695726e-01
  -1.52000000000000e-03   1.65577065710070e-01
  -1.51000000000000e-03   1.71200439724414e-01
  -1.50000000000000e-03   1.76823813738757e-01
  -1.49000000000000e-03   1.82447187753101e-01
  -1.48000000000000e-03   1.88070561767444e-01
  -1.47000000000000e-03   1.93693935781788e-01
  -1.46000000000000e-03   1.99317309796132e-01
  -1.45000000000000e-03   2.04940683810475e-01
  -1.44000000000000e-03   2.10564057824819e-01
  -1.43000000000000e-03   2.16187431839162e-01
  -1.42000000000000e-03   2.21810805853506e-01
  -1.41000000000000e-03   2.27434179867850e-01
  -1.40000000000000e-03   2.33057553882193e-01
  -1.39000000000000e-03   2.38680927896537e-01
  -1.38000000000000e-03   2.44304301910880e-01
  -1.37000000000000e-03   2.49927675925224e-01
  -1.36000000000000e-03   2.55551049939568e-01
  -1.35000000000000e-03   2.61174423953911e-01
  -1.34000000000000e-03   2.66797797968255e-01
  -1.33000000000000e-03   2.72421171982598e-01
  -1.32000000000000e-03   2.78044545996942e-01
  -1.31000000000000e-03   2.83667920011286e-01
  -1.30000000000000e-03   2.89291294025629e-01
  -1.29000000000000e-03   2.94914668039973e-01
  -1.28000000000000e-03   3.00538042054316e-01
  -1.27000000000000e-03   3.06161416068660e-01
  -1.26000000000000e-03   3.11784790083004e-01
  -1.25000000000000e-03   3.17408164097347e-01
  -1.24000000000000e-03   3.23031538111691e-01
  -1.23000000000000e-03   3.28654912126034e-01
  -1.22000000000000e-03   3.34278286140378e-01
  -1.21000000000000e-03   3.39901660154722e-01
  -1.20000000000000e-03   3.45525034169065e-01
  -1.19000000000000e-03   3.51148408183409e-01
  -1.18000000000000e-03   3.56771782197752e-01
  -1.17000000000000e-03   3.62395156212096e-01
  -1.16000000000000e-03   3.68018530226439e-01
  -1.15000000000000e-03   3.73641904240783e-01
  -1.14000000000000e-03   3.79265278255127e-01
  -1.13000000000000e-03   3.84888652269470e-01
  -1.12000000000000e-03   3.90512026283814e-01
  -1.11000000000000e-03   3.96135400298157e-01
  -1.10000000000000e-03   4.01758774312501e-01
  -1.09000000000000e-03   4.07382148326845e-01
  -1.08000000000000e-03   4.13005522341188e-01
  -1.07000000000000e-03   4.18628896355532e-01
  -1.06000000000000e-03   4.24252270369875e-01
  -1.05000000000000e-03   4.29875644384219e-01
  -1.04000000000000e-03   4.35499018398563e-01
  -1.03000000000000e-03   4.41122392412906e-01
  -1.02000000000000e-03   4.46745766427250e-01
  -1.01000000000000e-03   4.52369140441593e-01
  -1.00000000000000e-03   4.57992514455937e-01
  -9.90000000000002e-04   4.63615888470281e-01
  -9.80000000000002e-04   4.69239262484624e-01
  -9.70000000000002e-04   4.74862636498968e-01
  -9.60000000000002e-04   4.80486010513311e-01
  -9.50000000000002e-04   4.86109384527655e-01
  -9.40000000000002e-04   4.91732758541999e-01
  -9.30000000000002e-04   4.97356132556342e-01
  -9.20000000000002e-04   5.02979506570686e-01
  -9.10000000000002e-04   5.08602880585029e-01
  -9.00000000000001e-04   5.14226254599373e-01
  -8.90000000000001e-04   5.19849628613717e-01
  -8.80000000000001e-04   5.25473002628060e-01
  -8.70000000000001e-04   5.31096376642404e-01
  -8.60000000000001e-04   5.36719750656747e-01
  -8.50000000000001e-04   5.42343124671091e-01
  -8.40000000000001e-04   5.47966498685434e-01
  -8.30000000000001e-04   5.53589872699778e-01
  -8.20000000000001e-04   5.59213246714122e-01
  -8.10000000000001e-04   5.64836620728465e-01
  -8.00000000000001e-04   5.70459994742809e-01
  -7.90000000000001e-04   5.76083368757152e-01
  -7.80000000000001e-04   5.81706742771496e-01
  -7.70000000000001e-04   5.87330116785840e-01
  -7.60000000000001e-04   5.92953490800183e-01
  -7.50000000000001e-04   5.98576864814527e-01
  -7.40000000000001e-04   6.04200238828870e-01
  -7.30000000000001e-04   6.09823612843214e-01
  -7.20000000000001e-04   6.15446986857558e-01
  -7.10000000000001e-04   6.21070360871901e-01
  -7.00000000000001e-04   6.26693734886245e-01
  -6.90000000000001e-04   6.32317108900588e-01
  -6.80000000000001e-04   6.37940482914932e-01
  -6.70000000000001e-04   6.43563856929276e-01
  -6.60000000000001e-04   6.49187230943619e-01
  -6.50000000000001e-04   6.54810604957963e-01
  -6.40000000000001e-04   6.60433978972306e-01
  -6.30000000000001e-04   6.66057352986650e-01
  -6.20000000000001e-04   6.71680727000994e-01
  -6.10000000000001e-04   6.77304101015337e-01
  -6.00000000000001e-04   6.82927475029681e-01
  -5.90000000000001e-04   6.88550849044024e-01
  -5.80000000000001e-04   6.94174223058368e-01
  -5.70000000000001e-04   6.99797597072711e-01
  -5.60000000000001e-04   7.05420971087055e-01
  -5.50000000000001e-04   7.11044345101399e-01
  -5.40000000000001e-04   7.16667719115742e-01
  -5.30000000000001e-04   7.22291093130086e-01
  -5.20000000000000e-04   7.27914467144430e-01
  -5.10000000000000e-04   7.33537841158773e-01
  -5.00000000000000e-04   7.39161215173117e-01
  -4.90000000000000e-04   7.44784589187460e-01
  -4.80000000000000e-04   7.50407963201804e-01
  -4.70000000000000e-04   7.56031337216147e-01
  -4.60000000000000e-04   7.61654711230491e-01
  -4.50000000000000e-04   7.67278085244835e-01
  -4.40000000000000e-04   7.72901459259178e-01
  -4.30000000000000e-04   7.78524833273522e-01
  -4.20000000000000e-04   7.84148207287865e-01
  -4.10000000000000e-04   7.89771581302209e-01
  -4.00000000000000e-04   7.95394955316553e-01
  -3.90000000000000e-04   8.01018329330896e-01
  -3.80000000000000e-04   8.06641703345240e-01
  -3.70000000000000e-04   8.12265077359583e-01
  -3.60000000000000e-04   8.17888451373927e-01
  -3.50000000000000e-04   8.23511825388271e-01
  -3.40000000000000e-04   8.29135199402614e-01
  -3.30000000000000e-04   8.34758573416958e-01
  -3.20000000000000e-04   8.40381947431301e-01
  -3.10000000000000e-04   8.46005321445645e-01
  -3.00000000000000e-04   8.51628695459989e-01
  -2.90000000000000e-04   8.57252069474332e-01
  -2.80000000000000e-04   8.62875443488676e-01
  -2.70000000000000e-04   8.68498817503019e-01
  -2.60000000000000e-04   8.74122191517363e-01
  -2.50000000000000e-04   8.79745565531707e-01
  -2.40000000000000e-04   8.85368939546050e-01
  -2.30000000000000e-04   8.90992313560394e-01
  -2.20000000000000e-04   8.96615687574737e-01
  -2.10000000000000e-04   9.02239061589081e-01
  -2.00000000000000e-04   9.07862435603424e-01
  -1.90000000000000e-04   9.13485809617768e-01
  -1.80000000000000e-04   9.19109183632112e-01
  -1.70000000000000e-04   9.24732557646455e-01
  -1.60000000000000e-04   9.30355931660799e-01
  -1.50000000000000e-04   9.35979305675142e-01
  -1.40000000000000e-04   9.41602679689486e-01
  -1.30000000000000e-04   9.47226053703829e-01
  -1.20000000000000e-04   9.52849427718173e-01
  -1.10000000000000e-04   9.58472801732517e-01
  -9.99999999999998e-05   9.64096175746860e-01
  -8.99999999999998e-05   9.69719549761204e-01
  -7.99999999999998e-05   9.75342923775547e-01
  -6.99999999999998e-05   9.80966297789891e-01
  -5.99999999999998e-05   9.86589671804235e-01
  -4.99999999999998e-05   9.92213045818578e-01
  -3.99999999999998e-05   9.97836419832922e-01
  -2.99999999999998e-05   1.00345979384727e+00
  -1.99999999999998e-05   1.00908316786161e+00
  -9.99999999999981e-06   1.01470654187595e+00
   1.93123511973980e-19   1.02032991589030e+00
   1.00000000000002e-05   1.02595328990464e+00
   2.00000000000002e-05   1.03157666391898e+00
   3.00000000000002e-05   1.03720003793333e+00
   4.00000000000002e-05   1.04282341194767e+00
   5.00000000000002e-05   1.04844678596201e+00
   6.00000000000002e-05   1.05407015997636e+00
   7.00000000000002e-05   1.05969353399070e+00
   8.00000000000002e-05   1.06531690800504e+00
   9.00000000000002e-05   1.07094028201939e+00
   1.00000000000000e-04   1.15278921361015e+00
   1.10000000000000e-04   1.45980208450961e+00
   1.20000000000000e-04   1.76681495540906e+00
   1.30000000000000e-04   2.07382782630852e+00
   1.40000000000000e-04   2.38084069720797e+00
   1.50000000000000e-04   2.68785356810741e+00
   1.60000000000000e-04   2.10120998613736e+00
   1.70000000000000e-04   1.61929958902302e+00
   1.80000000000000e-04   1.24100354726020e+00
   1.90000000000000e-04   9.51450858401193e-01
   2.00000000000000e-04   7.32469570777621e-01
   1.90000000000000e-04   5.55460732343660e-01
   1.80000000000000e-04   3.78451893909699e-01
   1.70000000000000e-04   2.01443055475738e-01
   1.60000000000000e-04   2.44342170417776e-02
   1.50000000000000e-04  -3.78033857521527e-02
   1.40000000000000e-04  -8.16608329462003e-02
   1.30000000000000e-04  -1.25518280140248e-01
   1.20000000000000e-04  -1.69375727334296e-01
   1.10000000000000e-04  -2.13233174528343e-01
   1.00000000000000e-04  -2.57090621722391e-01
   9.00000000000002e-05  -3.00948068916439e-01
   8.00000000000002e-05  -3.44805516110486e-01
   7.00000000000002e-05  -3.88662963304534e-01
   6.00000000000002e-05  -4.32520410498582e-01
   5.00000000000002e-05  -4.76377857692629e-01
   4.00000000000002e-05  -5.20235304886677e-01
   3.00000000000002e-05  -5.64092752080725e-01
   2.00000000000002e-05  -6.07950199274772e-01
   1.00000000000002e-05  -6.51807646468820e-01
   2.13452302708084e-19  -6.95665093662867e-01
  -9.99999999999979e-06  -7.39522540856915e-01
  -1.99999999999998e-05  -7.83379988050963e-01
  -2.99999999999998e-05  -8.27237435245010e-01
  -3.99999999999998e-05  -8.71094882439058e-01
  -4.99999999999998e-05  -9.14952329633106e-01
  -5.99999999999998e-05  -9.58809776827153e-01
  -6.99999999999998e-05  -1.00266722402120e+00
  -7.99999999999998e-05  -1.04652467121525e+00
  -8.99999999999998e-05  -1.09038211840930e+00
  -9.99999999999998e-05  -1.13423956560334e+00
  -1.10000000000000e-04  -1.17809701279739e+00
  -1.20000000000000e-04  -1.22195445999144e+00
  -1.30000000000000e-04  -1.26581190718549e+00
  -1.40000000000000e-04  -1.30966935437953e+00
  -1.50000000000000e-04  -1.35352680157358e+00
  -1.60000000000000e-04  -1.39738424876763e+00
  -1.70000000000000e-04  -1.44124169596168e+00
  -1.80000000000000e-04  -1.48509914315573e+00
  -1.90000000000000e-04  -1.52895659034977e+00
  -2.00000000000000e-04  -1.57281403754382e+00
  -2.10000000000000e-04  -1.61667148473787e+00
  -2.20000000000000e-04  -1.66052893193192e+00
  -2.30000000000000e-04  -1.70438637912596e+00
  -2.40000000000000e-04  -1.74824382632001e+00
  -2.50000000000000e-04  -1.79210127351406e+00
  -2.60000000000000e-04  -1.83595872070811e+00
  -2.70000000000000e-04  -1.87981616790215e+00
  -2.80000000000000e-04  -1.92367361509620e+00
  -2.90000000000000e-04  -1.96753106229025e+00
  -3.00000000000000e-04  -2.01138850948430e+00
  -3.10000000000000e-04  -2.05524595667835e+00
  -3.20000000000000e-04  -2.09910340387239e+00
  -3.30000000000000e-04  -2.14296085106644e+00
  -3.40000000000000e-04  -2.18681829826049e+00
  -3.50000000000000e-04  -2.23067574545454e+00
  -3.60000000000000e-04  -2.27453319264858e+00
  -3.70000000000000e-04  -2.31839063984263e+00
  -3.80000000000000e-04  -2.36224808703668e+00
  -3.90000000000000e-04  -2.40610553423073e+00
  -4.00000000000000e-04  -2.44996298142478e+00
  -4.10000000000000e-04  -2.49382042861882e+00
  -4.20000000000000e-04  -2.53767787581287e+00
  -4.30000000000000e-04  -2.58153532300692e+00
  -4.40000000000000e-04  -2.62539277020097e+00
  -4.50000000000000e-04  -2.66925021739501e+00
  -4.60000000000000e-04  -2.71310766458906e+00
  -4.70000000000000e-04  -2.75696511178311e+00
  -4.80000000000000e-04  -2.80082255897716e+00
  -4.90000000000000e-04  -2.84468000617121e+00
  -5.00000000000000e-04  -2.88853745336525e+00
  -5.10000000000000e-04  -2.93239490055930e+00
  -5.20000000000000e-04  -2.97625234775335e+00
  -5.30000000000001e-04  -3.02010979494740e+00
  -5.40000000000001e-04  -3.06396724214144e+00
  -5.50000000000001e-04  -3.10782468933549e+00
  -5.60000000000001e-04  -3.15168213652954e+00
  -5.70000000000001e-04  -3.19553958372359e+00
  -5.80000000000001e-04  -3.23939703091764e+00
  -5.90000000000001e-04  -3.28325447811168e+00
  -6.00000000000001e-04  -3.32711192530573e+00
  -6.10000000000001e-04  -3.37096937249978e+00
  -6.20000000000001e-04  -3.41482681969383e+00
  -6.30000000000001e-04  -3.45868426688787e+00
  -6.40000000000001e-04  -3.50254171408192e+00
  -6.50000000000001e-04  -3.54639916127597e+00
  -6.60000000000001e-04  -3.59025660847002e+00
  -6.70000000000001e-04  -3.63411405566407e+00
  -6.80000000000001e-04  -3.67797150285811e+00
  -6.90000000000001e-04  -3.72182895005216e+00
  -7.00000000000001e-04  -3.76568639724621e+00
  -7.10000000000001e-04  -3.80954384444026e+00
  -7.20000000000001e-04  -3.85340129163430e+00
  -7.30000000000001e-04  -3.89725873882835e+00
  -7.40000000000001e-04  -3.94111618602240e+00
  -7.50000000000001e-04  -3.98497363321645e+00
  -7.60000000000001e-04  -4.02883108041050e+00
  -7.70000000000001e-04  -4.07268852760454e+00
  -7.80000000000001e-04  -4.11654597479859e+00
  -7.90000000000001e-04  -4.16040342199264e+00
  -8.00000000000001e-04  -4.20426086918669e+00
  -8.10000000000001e-04  -4.24811831638073e+00
  -8.20000000000001e-04  -4.29197576357478e+00
  -8.30000000000001e-04  -4.33583321076883e+00
  -8.40000000000001e-04  -4.37969065796288e+00
  -8.50000000000001e-04  -4.42354810515693e+00
  -8.60000000000001e-04  -4.46740555235097e+00
  -8.70000000000001e-04  -4.51126299954502e+00
  -8.80000000000001e-04  -4.55512044673907e+00
  -8.90000000000001e-04  -4.59897789393312e+00
  -9.00000000000001e-04  -4.64283534112716e+00
  -9.10000000000002e-04  -4.68669278832121e+00
  -9.20000000000002e-04  -4.73055023551526e+00
  -9.30000000000002e-04  -4.77440768270931e+00
  -9.40000000000002e-04  -4.81826512990335e+00
  -9.50000000000002e-04  -4.86212257709740e+00
  -9.60000000000002e-04  -4.90598002429145e+00
  -9.70000000000002e-04  -4.94983747148550e+00
  -9.80000000000002e-04  -4.99369491867955e+00
  -9.90000000000002e-04  -5.03755236587359e+00
  -1.00000000000000e-03  -5.08140981306764e+00
  -1.01000000000000e-03  -5.12526726026169e+00
  -1.02000000000000e-03  -5.16912470745574e+00
  -1.03000000000000e-03  -5.21298215464978e+00
  -1.04000000000000e-03  -5.25683960184383e+00
  -1.05000000000000e-03  -5.30069704903788e+00
  -1.06000000000000e-03  -5.34455449623193e+00
  -1.07000000000000e-03  -5.38841194342598e+00
  -1.08000000000000e-03  -5.43226939062002e+00
  -1.09000000000000e-03  -5.47612683781407e+00
  -1.10000000000000e-03  -5.51998428500812e+00
  -1.11000000000000e-03  -5.56384173220217e+00
  -1.12000000000000e-03  -5.60769917939621e+00
  -1.13000000000000e-03  -5.65155662659026e+00
  -1.14000000000000e-03  -5.69541407378431e+00
  -1.15000000000000e-03  -5.73927152097836e+00
  -1.16000000000000e-03  -5.78312896817241e+00
  -1.17000000000000e-03  -5.82698641536645e+00
  -1.18000000000000e-03  -5.87084386256050e+00
  -1.19000000000000e-03  -5.91470130975455e+00
  -1.20000000000000e-03  -5.95855875694860e+00
  -1.21000000000000e-03  -6.00241620414265e+00
  -1.22000000000000e-03  -6.04627365133669e+00
  -1.23000000000000e-03  -6.09013109853074e+00
  -1.24000000000000e-03  -6.13398854572479e+00
  -1.25000000000000e-03  -6.17784599291884e+00
  -1.26000000000000e-03  -6.22170344011288e+00
  -1.27000000000000e-03  -6.26556088730693e+00
  -1.28000000000000e-03  -6.30941833450098e+00
  -1.29000000000000e-03  -6.35327578169503e+00
  -1.30000000000000e-03  -6.39713322888907e+00
  -1.31000000000000e-03  -6.44099067608312e+00
  -1.32000000000000e-03  -6.48484812327717e+00
  -1.33000000000000e-03  -6.52870557047122e+00
  -1.34000000000000e-03  -6.57256301766527e+00
  -1.35000000000000e-03  -6.61642046485931e+00
  -1.36000000000000e-03  -6.66027791205336e+00
  -1.37000000000000e-03  -6.70413535924741e+00
  -1.38000000000000e-03  -6.74799280644146e+00
  -1.39000000000000e-03  -6.79185025363550e+00
  -1.40000000000000e-03  -6.83570770082955e+00
  -1.41000000000000e-03  -6.87956514802360e+00
  -1.42000000000000e-03  -6.92342259521765e+00
  -1.43000000000000e-03  -6.96728004241170e+00
  -1.44000000000000e-03  -7.01113748960574e+00
  -1.45000000000000e-03  -7.05499493679979e+00
  -1.46000000000000e-03  -7.09885238399384e+00
  -1.47000000000000e-03  -7.14270983118789e+00
  -1.48000000000000e-03  -7.18656727838193e+00
  -1.49000000000000e-03  -7.23042472557598e+00
  -1.50000000000000e-03  -7.27428217277003e+00
  -1.51000000000000e-03  -7.31813961996408e+00
  -1.52000000000000e-03  -7.36199706715813e+00
  -1.53000000000000e-03  -7.40585451435217e+00
  -1.54000000000000e-03  -7.44971196154622e+00
  -1.55000000000000e-03  -7.49356940874027e+00
  -1.56000000000000e-03  -7.53742685593432e+00
  -1.57000000000000e-03  -7.58128430312836e+00
  -1.58000000000000e-03  -7.62514175032241e+00
  -1.59000000000000e-03  -7.66899919751646e+00
  -1.60000000000000e-03  -7.71285664471051e+00
  -1.61000000000000e-03  -7.75671409190456e+00
  -1.62000000000000e-03  -7.80057153909860e+00
  -1.63000000000000e-03  -7.84442898629265e+00
  -1.64000000000000e-03  -7.88828643348670e+00
  -1.65000000000000e-03  -7.93214388068075e+00
  -1.66000000000000e-03  -7.97600132787479e+00
  -1.67000000000000e-03  -8.01985877506884e+00
  -1.68000000000000e-03  -8.06371622226289e+00
  -1.69000000000000e-03  -8.10757366945694e+00
  -1.70000000000000e-03  -8.15143111665099e+00
  -1.71000000000000e-03  -8.19528856384503e+00
  -1.72000000000000e-03  -8.23914601103908e+00
  -1.73000000000000e-03  -8.28300345823313e+00
  -1.74000000000000e-03  -8.32686090542718e+00
  -1.75000000000000e-03  -8.37071835262122e+00
  -1.76000000000000e-03  -8.41457579981527e+00
  -1.77000000000000e-03  -8.45843324700932e+00
  -1.78000000000000e-03  -8.50229069420337e+00
  -1.79000000000000e-03  -8.54614814139742e+00
  -1.80000000000000e-03  -8.59000558859146e+00
  -1.81000000000000e-03  -8.63386303578551e+00
  -1.82000000000000e-03  -8.67772048297956e+00
  -1.83000000000000e-03  -8.72157793017361e+00
  -1.84000000000000e-03  -8.76543537736765e+00
  -1.85000000000000e-03  -8.80929282456170e+00
  -1.86000000000000e-03  -8.85315027175575e+00
  -1.87000000000000e-03  -8.89700771894980e+00
  -1.88000000000000e-03  -8.94086516614384e+00
  -1.89000000000000e-03  -8.98472261333789e+00
  -1.90000000000000e-03  -9.02858006053194e+00
  -1.91000000000000e-03  -9.07243750772599e+00
  -1.92000000000000e-03  -9.11629495492004e+00
  -1.93000000000000e-03  -9.16015240211408e+00
  -1.94000000000000e-03  -9.20400984930813e+00
  -1.95000000000000e-03  -9.24786729650218e+00
  -1.96000000000000e-03  -9.29172474369623e+00
  -1.97000000000000e-03  -9.33558219089027e+00
  -1.98000000000000e-03  -9.37943963808432e+00
  -1.99000000000000e-03  -9.42329708527837e+00
  -2.00000000000000e-03  -9.46715453247242e+00
  -2.01000000000000e-03  -9.51101197966647e+00
  -2.02000000000000e-03  -9.55486942686051e+00
  -2.03000000000000e-03  -9.59872687405456e+00
  -2.04000000000000e-03  -9.64258432124861e+00
  -2.05000000000000e-03  -9.68644176844266e+00
  -2.06000000000000e-03  -9.73029921563670e+00
  -2.07000000000000e-03  -9.77415666283075e+00
  -2.08000000000000e-03  -9.81801411002480e+00
  -2.09000000000000e-03  -9.86187155721885e+00
  -2.10000000000000e-03  -9.90572900441290e+00
  -2.11000000000000e-03  -9.94958645160694e+00
  -2.12000000000000e-03  -9.99344389880099e+00
  -2.13000000000000e-03  -1.00373013459950e+01
  -2.14000000000000e-03  -1.00811587931891e+01
  -2.15000000000000e-03  -1.01250162403831e+01
  -2.16000000000000e-03  -1.01688736875772e+01
  -2.17000000000000e-03  -1.02127311347712e+01
  -2.18000000000000e-03  -1.02565885819653e+01
  -2.19000000000000e-03  -1.03004460291593e+01
  -2.20000000000000e-03  -1.03443034763534e+01
  -2.21000000000000e-03  -1.03881609235474e+01
  -2.22000000000000e-03  -1.04320183707415e+01
  -2.23000000000000e-03  -1.04758758179355e+01
  -2.24000000000001e-03  -1.05197332651296e+01
  -2.25000000000001e-03  -1.05635907123236e+01
  -2.26000000000001e-03  -1.06074481595177e+01
  -2.27000000000001e-03  -1.06513056067117e+01
  -2.28000000000001e-03  -1.06951630539058e+01
  -2.29000000000001e-03  -1.07633515863180e+01
  -2.30000000000001e-03  -1.09896836967167e+01
  -2.31000000000001e-03  -1.12160158071154e+01
  -2.32000000000001e-03  -1.14423479175141e+01
  -2.33000000000001e-03  -1.16686800279128e+01
  -2.34000000000001e-03  -1.18950121383115e+01
  -2.35000000000001e-03  -1.21213442487102e+01
  -2.36000000000001e-03  -1.23476763591090e+01
  -2.37000000000001e-03  -1.25740084695077e+01
  -2.38000000000001e-03  -1.28003405799064e+01
  -2.39000000000001e-03  -1.30266726903051e+01
  -2.40000000000001e-03  -1.32530048007038e+01
  -2.41000000000001e-03  -1.34793369111025e+01
  -2.42000000000001e-03  -1.37056690215012e+01
  -2.43000000000001e-03  -1.39320011319000e+01
  -2.44000000000001e-03  -1.41583332422987e+01
  -2.45000000000001e-03  -1.43846653526974e+01
  -2.46000000000001e-03  -1.46109974630961e+01
  -2.47000000000001e-03  -1.48373295734948e+01
  -2.48000000000001e-03  -1.50636616838935e+01
  -2.49000000000001e-03  -1.52899937942922e+01
  -2.50000000000001e-03  -1.55163259046910e+01
  -2.51000000000001e-03  -1.57426580150897e+01
  -2.52000000000001e-03  -1.59689901254884e+01
  -2.53000000000001e-03  -1.61953222358871e+01
  -2.54000000000001e-03  -1.64216543462858e+01
  -2.55000000000001e-03  -1.66479864566845e+01
  -2.56000000000001e-03  -1.68743185670832e+01
  -2.57000000000001e-03  -1.71006506774820e+01
  -2.58000000000001e-03  -1.73269827878807e+01
  -2.59000000000001e-03  -1.75533148982794e+01
  -2.60000000000001e-03  -1.77796470086781e+01
  -2.61000000000001e-03  -1.80059791190768e+01
  -2.62000000000001e-03  -1.82323112294755e+01
  -2.63000000000001e-03  -1.84586433398742e+01
  -2.64000000000001e-03  -1.86849754502730e+01
  -2.65000000000001e-03  -1.89113075606717e+01
  -2.66000000000001e-03  -1.91376396710704e+01
  -2.67000000000001e-03  -1.93639717814691e+01
  -2.68000000000001e-03  -1.95903038918678e+01
  -2.69000000000001e-03  -1.98166360022665e+01
  -2.70000000000001e-03  -2.00429681126652e+01
  -2.71000000000001e-03  -2.02693002230640e+01
  -2.72000000000001e-03  -2.04956323334627e+01
  -2.73000000000001e-03  -2.07219644438614e+01
  -2.74000000000001e-03  -2.09482965542601e+01
  -2.75000000000001e-03  -2.11746286646588e+01
  -2.76000000000001e-03  -2.14009607750575e+01
  -2.77000000000001e-03  -2.16272928854562e+01
  -2.78000000000001e-03  -2.18536249958550e+01
  -2.79000000000001e-03  -2.20799571062537e+01
  -2.80000000000001e-03  -2.23062892166524e+01
  -2.81000000000001e-03  -2.25326213270511e+01
  -2.82000000000001e-03  -2.27589534374498e+01
  -2.83000000000001e-03  -2.29852855478485e+01
  -2.84000000000001e-03  -2.32116176582473e+01
  -2.85000000000001e-03  -2.34379497686460e+01
  -2.86000000000001e-03  -2.36642818790447e+01
  -2.87000000000001e-03  -2.38906139894434e+01
  -2.88000000000001e-03  -2.41169460998421e+01
  -2.89000000000001e-03  -2.43432782102408e+01
  -2.90000000000001e-03  -2.45696103206395e+01
  -2.91000000000001e-03  -2.47959424310383e+01
  -2.92000000000001e-03  -2.50222745414370e+01
  -2.93000000000001e-03  -2.52486066518357e+01
  -2.94000000000001e-03  -2.54749387622344e+01
  -2.95000000000001e-03  -2.57012708726331e+01
  -2.96000000000001e-03  -2.59276029830318e+01
  -2.97000000000001e-03  -2.61539350934305e+01
  -2.98000000000001e-03  -2.63802672038293e+01
  -2.99000000000001e-03  -2.66065993142280e+01
  -3.00000000000001e-03  -2.68329314246267e+01
  -3.01000000000001e-03  -2.67770941433605e+01
  -3.02000000000001e-03  -2.67209398190873e+01
  -3.03000000000001e-03  -2.66644732543654e+01
  -3.04000000000001e-03  -2.66076992436917e+01
  -3.05000000000001e-03  -2.65506225729911e+01
  -3.06000000000001e-03  -2.64932480191097e+01
  -3.07000000000001e-03  -2.64355803493100e+01
  -3.08000000000001e-03  -2.63776243207697e+01
  -3.09000000000001e-03  -2.63193846800831e+01
  -3.10000000000001e-03  -2.62608661627667e+01
  -3.11000000000001e-03  -2.62020734927676e+01
  -3.12000000000001e-03  -2.61430113819764e+01
  -3.13000000000001e-03  -2.60836845297436e+01
  -3.14000000000001e-03  -2.60240976224003e+01
  -3.15000000000001e-03  -2.59642553327834e+01
  -3.16000000000001e-03  -2.59041623197649e+01
  -3.17000000000001e-03  -2.58438232277866e+01
  -3.18000000000001e-03  -2.57832426863984e+01
  -3.19000000000001e-03  -2.57224253098026e+01
  -3.20000000000001e-03  -2.56613756964032e+01
  -3.21000000000001e-03  -2.56000984283598e+01
  -3.22000000000001e-03  -2.55385980711474e+01
  -3.23000000000001e-03  -2.54768791731219e+01
  -3.24000000000001e-03  -2.54149462650903e+01
  -3.25000000000001e-03  -2.53528038598880e+01
  -3.26000000000001e-03  -2.52904564519608e+01
  -3.27000000000001e-03  -2.52279085169535e+01
  -3.28000000000001e-03  -2.51651645113045e+01
  -3.29000000000001e-03  -2.51022288718465e+01
  -3.30000000000001e-03  -2.50391060154136e+01
  -3.31000000000001e-03  -2.49758003384545e+01
  -3.32000000000001e-03  -2.49123162166528e+01
  -3.33000000000001e-03  -2.48486580045532e+01
  -3.34000000000001e-03  -2.47848300351944e+01
  -3.35000000000001e-03  -2.47208366197493e+01
  -3.36000000000001e-03  -2.46566820471716e+01
  -3.37000000000001e-03  -2.45923705838487e+01
  -3.38000000000001e-03  -2.45279064732625e+01
  -3.39000000000001e-03  -2.44632939356567e+01
  -3.40000000000001e-03  -2.43985371677108e+01
  -3.41000000000001e-03  -2.43336403422216e+01
  -3.42000000000001e-03  -2.42686076077917e+01
  -3.43000000000001e-03  -2.42034430885252e+01
  -3.44000000000001e-03  -2.41381508837304e+01
  -3.45000000000001e-03  -2.40727350676294e+01
  -3.46000000000001e-03  -2.40071996890761e+01
  -3.47000000000001e-03  -2.39415487712800e+01
  -3.48000000000001e-03  -2.38757863115384e+01
  -3.49000000000001e-03  -2.38099162809750e+01
  -3.50000000000001e-03  -2.37439426242869e+01
  -3.51000000000001e-03  -2.36778692594975e+01
  -3.52000000000001e-03  -2.36117000777181e+01
  -3.53000000000001e-03  -2.35454389429159e+01
  -3.54000000000001e-03  -2.34790896916896e+01
  -3.55000000000001e-03  -2.34126561330526e+01
  -3.56000000000001e-03  -2.33461420482226e+01
  -3.57000000000001e-03  -2.32795511904200e+01
  -3.58000000000001e-03  -2.32128872846718e+01
  -3.59000000000001e-03  -2.31461540276240e+01
  -3.60000000000001e-03  -2.30793550873612e+01
  -3.61000000000001e-03  -2.30124941032323e+01
  -3.62000000000001e-03  -2.29455746856847e+01
  -3.63000000000001e-03  -2.28786004161049e+01
  -3.64000000000001e-03  -2.28115748466663e+01
  -3.65000000000001e-03  -2.27445015001844e+01
  -3.66000000000001e-03  -2.26773838699785e+01
  -3.67000000000001e-03  -2.26102254197410e+01
  -3.68000000000001e-03  -2.25430295834129e+01
  -3.69000000000001e-03  -2.24757997650672e+01
  -3.70000000000001e-03  -2.24085393387982e+01
  -3.71000000000001e-03  -2.23412516486183e+01
  -3.72000000000001e-03  -2.22739400083610e+01
  -3.73000000000001e-03  -2.22066077015910e+01
  -3.74000000000001e-03  -2.21392579815208e+01
  -3.75000000000001e-03  -2.20718940709340e+01
  -3.76000000000001e-03  -2.20045191621149e+01
  -3.77000000000001e-03  -2.19371364167845e+01
  -3.78000000000001e-03  -2.18697489660435e+01
  -3.79000000000001e-03  -2.18023599103210e+01
  -3.80000000000001e-03  -2.17349723193294e+01
  -3.81000000000001e-03  -2.16675892320262e+01
  -3.82000000000001e-03  -2.16002136565813e+01
  -3.83000000000001e-03  -2.15328485703504e+01
  -3.84000000000001e-03  -2.14654969198548e+01
  -3.85000000000001e-03  -2.13981616207666e+01
  -3.86000000000001e-03  -2.13308455579001e+01
  -3.87000000000001e-03  -2.12635515852086e+01
  -3.88000000000001e-03  -2.11962825257875e+01
  -3.89000000000001e-03  -2.11290411718819e+01
  -3.90000000000001e-03  -2.10618302849012e+01
  -3.91000000000001e-03  -2.09946525954376e+01
  -3.92000000000001e-03  -2.09275108032914e+01
  -3.93000000000001e-03  -2.08604075775001e+01
  -3.94000000000001e-03  -2.07933455563742e+01
  -3.95000000000001e-03  -2.07263273475366e+01
  -3.96000000000001e-03  -2.06593555279687e+01
  -3.97000000000001e-03  -2.05924326440597e+01
  -3.98000000000001e-03  -2.05255612116619e+01
  -3.99000000000001e-03  -2.04587437161507e+01
  -4.00000000000001e-03  -2.03919826124885e+01
  -3.99000000000001e-03  -2.02222289470839e+01
  -3.98000000000001e-03  -2.00524752816792e+01
  -3.97000000000001e-03  -1.98827216162745e+01
  -3.96000000000001e-03  -1.97129679508699e+01
  -3.95000000000001e-03  -1.95432142854652e+01
  -3.94000000000001e-03  -1.93734606200605e+01
  -3.93000000000001e-03  -1.92037069546559e+01
  -3.92000000000001e-03  -1.90339532892512e+01
  -3.91000000000001e-03  -1.88641996238465e+01
  -3.90000000000001e-03  -1.86944459584418e+01
  -3.89000000000001e-03  -1.85246922930372e+01
  -3.88000000000001e-03  -1.83549386276325e+01
  -3.87000000000001e-03  -1.81851849622278e+01
  -3.86000000000001e-03  -1.80154312968231e+01
  -3.85000000000001e-03  -1.78456776314185e+01
  -3.84000000000001e-03  -1.76759239660138e+01
  -3.83000000000001e-03  -1.75061703006091e+01
  -3.82000000000001e-03  -1.73364166352044e+01
  -3.81000000000001e-03  -1.71666629697997e+01
  -3.80000000000001e-03  -1.69969093043951e+01
  -3.79000000000001e-03  -1.68271556389904e+01
  -3.78000000000001e-03  -1.66574019735857e+01
  -3.77000000000001e-03  -1.64876483081810e+01
  -3.76000000000001e-03  -1.63178946427764e+01
  -3.75000000000001e-03  -1.61481409773717e+01
  -3.74000000000001e-03  -1.59783873119670e+01
  -3.73000000000001e-03  -1.58086336465623e+01
  -3.72000000000001e-03  -1.56388799811577e+01
  -3.71000000000001e-03  -1.54691263157530e+01
  -3.70000000000001e-03  -1.52993726503483e+01
  -3.69000000000001e-03  -1.51296189849436e+01
  -3.68000000000001e-03  -1.49598653195389e+01
  -3.67000000000001e-03  -1.47901116541343e+01
  -3.66000000000001e-03  -1.46203579887296e+01
  -3.65000000000001e-03  -1.44506043233249e+01
  -3.64000000000001e-03  -1.42808506579202e+01
  -3.63000000000001e-03  -1.41110969925156e+01
  -3.62000000000001e-03  -1.39413433271109e+01
  -3.61000000000001e-03  -1.37715896617062e+01
  -3.60000000000001e-03  -1.36018359963015e+01
  -3.59000000000001e-03  -1.34320823308968e+01
  -3.58000000000001e-03  -1.32623286654922e+01
  -3.57000000000001e-03  -1.30925750000875e+01
  -3.56000000000001e-03  -1.29228213346828e+01
  -3.55000000000001e-03  -1.27530676692781e+01
  -3.54000000000001e-03  -1.25833140038735e+01
  -3.53000000000001e-03  -1.24135603384688e+01
  -3.52000000000001e-03  -1.22438066730641e+01
  -3.51000000000001e-03  -1.20740530076594e+01
  -3.50000000000001e-03  -1.19042993422547e+01
  -3.49000000000001e-03  -1.17345456768501e+01
  -3.48000000000001e-03  -1.15647920114454e+01
  -3.47000000000001e-03  -1.13950383460407e+01
  -3.46000000000001e-03  -1.12252846806360e+01
  -3.45000000000001e-03  -1.10555310152314e+01
  -3.44000000000001e-03  -1.08857773498267e+01
  -3.43000000000001e-03  -1.07160236844220e+01
  -3.42000000000001e-03  -1.05462700190173e+01
  -3.41000000000001e-03  -1.03765163536127e+01
  -3.40000000000001e-03  -1.02067626882080e+01
  -3.39000000000001e-03  -1.00370090228033e+01
  -3.38000000000001e-03  -9.86725535739862e+00
  -3.37000000000001e-03  -9.69750169199394e+00
  -3.36000000000001e-03  -9.52774802658927e+00
  -3.35000000000001e-03  -9.35799436118459e+00
  -3.34000000000001e-03  -9.18824069577991e+00
  -3.33000000000001e-03  -9.01848703037524e+00
  -3.32000000000001e-03  -8.84873336497056e+00
  -3.31000000000001e-03  -8.67897969956588e+00
  -3.30000000000001e-03  -8.50922603416120e+00
  -3.29000000000001e-03  -8.33947236875653e+00
  -3.28000000000001e-03  -8.16971870335185e+00
  -3.27000000000001e-03  -7.99996503794717e+00
  -3.26000000000001e-03  -7.83021137254249e+00
  -3.25000000000001e-03  -7.66045770713782e+00
  -3.24000000000001e-03  -7.49070404173314e+00
  -3.23000000000001e-03  -7.32095037632846e+00
  -3.22000000000001e-03  -7.15119671092379e+00
  -3.21000000000001e-03  -6.98144304551911e+00
  -3.20000000000001e-03  -6.81168938011443e+00
  -3.19000000000001e-03  -6.64193571470975e+00
  -3.18000000000001e-03  -6.47218204930508e+00
  -3.17000000000001e-03  -6.30242838390040e+00
  -3.16000000000001e-03  -6.13267471849572e+00
  -3.15000000000001e-03  -5.96292105309104e+00
  -3.14000000000001e-03  -5.79316738768637e+00
  -3.13000000000001e-03  -5.62341372228169e+00
  -3.12000000000001e-03  -5.45366005687701e+00
  -3.11000000000001e-03  -5.28390639147233e+00
  -3.10000000000001e-03  -5.11415272606766e+00
  -3.09000000000001e-03  -4.94439906066298e+00
  -3.08000000000001e-03  -4.77464539525830e+00
  -3.07000000000001e-03  -4.60489172985362e+00
  -3.06000000000001e-03  -4.43513806444895e+00
  -3.05000000000001e-03  -4.26538439904427e+00
  -3.04000000000001e-03  -4.09563073363959e+00
  -3.03000000000001e-03  -3.92587706823492e+00
  -3.02000000000001e-03  -3.75612340283024e+00
  -3.01000000000001e-03  -3.58636973742556e+00
  -3.00000000000001e-03  -3.41661607202088e+00
  -2.99000000000001e-03  -3.24686240661621e+00
  -2.98000000000001e-03  -3.07710874121153e+00
  -2.97000000000001e-03  -2.90735507580685e+00
  -2.96000000000001e-03  -2.73760141040218e+00
  -2.95000000000001e-03  -2.56784774499750e+00
  -2.94000000000001e-03  -2.39809407959282e+00
  -2.93000000000001e-03  -2.22834041418814e+00
  -2.92000000000001e-03  -2.05858674878347e+00
  -2.91000000000001e-03  -1.88883308337879e+00
  -2.90000000000001e-03  -1.71907941797411e+00
  -2.89000000000001e-03  -1.54932575256943e+00
  -2.88000000000001e-03  -1.37957208716476e+00
  -2.87000000000001e-03  -1.20981842176008e+00
  -2.86000000000001e-03  -1.04006475635540e+00
  -2.85000000000001e-03  -8.70311090950724e-01
  -2.84000000000001e-03  -7.00557425546047e-01
  -2.83000000000001e-03  -5.30803760141370e-01
  -2.82000000000001e-03  -3.61050094736693e-01
  -2.81000000000001e-03  -1.91296429332015e-01
  -2.80000000000001e-03  -2.15427639273379e-02
  -2.79000000000001e-03   8.60169048799137e-04
  -2.78000000000001e-03   1.84536546448677e-03
  -2.77000000000001e-03   2.83056188017441e-03
  -2.76000000000001e-03   3.81575829586205e-03
  -2.75000000000001e-03   4.80095471154968e-03
  -2.74000000000001e-03   5.78615112723732e-03
  -2.73000000000001e-03   6.77134754292495e-03
  -2.72000000000001e-03   7.75654395861259e-03
  -2.71000000000001e-03   8.74174037430023e-03
  -2.70000000000001e-03   9.72693678998786e-03
  -2.69000000000001e-03   1.07121332056755e-02
  -2.68000000000001e-03   1.16973296213631e-02
  -2.67000000000001e-03   1.26825260370508e-02
  -2.66000000000001e-03   1.36677224527384e-02
  -2.65000000000001e-03   1.46529188684260e-02
  -2.64000000000001e-03   1.56381152841137e-02
  -2.63000000000001e-03   1.66233116998013e-02
  -2.62000000000001e-03   1.76085081154890e-02
  -2.61000000000001e-03   1.85937045311766e-02
  -2.60000000000001e-03   1.95789009468642e-02
  -2.59000000000001e-03   2.05640973625519e-02
  -2.58000000000001e-03   2.15492937782395e-02
  -2.57000000000001e-03   2.25344901939271e-02
  -2.56000000000001e-03   2.35196866096148e-02
  -2.55000000000001e-03   2.45048830253024e-02
  -2.54000000000001e-03   2.54900794409900e-02
  -2.53000000000001e-03   2.64752758566777e-02
  -2.52000000000001e-03   2.74604722723653e-02
  -2.51000000000001e-03   2.84456686880530e-02
  -2.50000000000001e-03   2.94308651037406e-02
  -2.49000000000001e-03   3.04160615194282e-02
  -2.48000000000001e-03   3.14012579351159e-02
  -2.47000000000001e-03   3.23864543508035e-02
  -2.46000000000001e-03   3.33716507664911e-02
  -2.45000000000001e-03   3.43568471821788e-02
  -2.44000000000001e-03   3.53420435978664e-02
  -2.43000000000001e-03   3.63272400135540e-02
  -2.42000000000001e-03   3.73124364292417e-02
  -2.41000000000001e-03   3.82976328449293e-02
  -2.40000000000000e-03   3.92828292606170e-02
  -2.39000000000000e-03   4.02680256763046e-02
  -2.38000000000000e-03   4.12532220919922e-02
  -2.37000000000000e-03   4.22384185076799e-02
  -2.36000000000000e-03   4.32236149233675e-02
  -2.35000000000000e-03   4.42088113390551e-02
  -2.34000000000000e-03   4.51940077547428e-02
  -2.33000000000000e-03   4.61792041704304e-02
  -2.32000000000000e-03   4.71644005861180e-02
  -2.31000000000000e-03   4.81495970018057e-02
  -2.30000000000000e-03   4.91347934174933e-02
  -2.29000000000000e-03   5.01199898331810e-02
  -2.28000000000000e-03   5.11051862488686e-02
  -2.27000000000000e-03   5.20903826645562e-02
  -2.26000000000000e-03   5.30755790802439e-02
  -2.25000000000000e-03   5.40607754959315e-02
  -2.24000000000000e-03   5.50459719116191e-02
  -2.23000000000000e-03   5.60311683273068e-02
  -2.22000000000000e-03   5.70163647429944e-02
  -2.21000000000000e-03   5.80015611586820e-02
  -2.20000000000000e-03   5.89867575743697e-02
  -2.19000000000000e-03   5.99719539900573e-02
  -2.18000000000000e-03   6.09571504057450e-02
  -2.17000000000000e-03   6.19423468214326e-02
  -2.16000000000000e-03   6.29275432371202e-02
  -2.15000000000000e-03   6.39127396528079e-02
  -2.14000000000000e-03   6.48979360684955e-02
  -2.13000000000000e-03   6.58831324841831e-02
  -2.12000000000000e-03   6.68683288998708e-02
  -2.11000000000000e-03   6.78535253155584e-02
  -2.10000000000000e-03   6.88387217312460e-02
  -2.09000000000000e-03   6.98239181469337e-02
  -2.08000000000000e-03   7.08091145626213e-02
  -2.07000000000000e-03   7.17943109783089e-02
  -2.06000000000000e-03   7.27795073939966e-02
  -2.05000000000000e-03   7.37647038096842e-02
  -2.04000000000000e-03   7.47499002253719e-02
  -2.03000000000000e-03   7.57350966410595e-02
  -2.02000000000000e-03   7.67202930567471e-02
  -2.01000000000000e-03   7.77054894724348e-02
  -2.00000000000000e-03   7.86906858881224e-02
  -1.99000000000000e-03   7.96758823038100e-02
  -1.98000000000000e-03   8.06610787194977e-02
  -1.97000000000000e-03   8.16462751351853e-02
  -1.96000000000000e-03   8.26314715508730e-02
  -1.95000000000000e-03   8.36166679665606e-02
  -1.94000000000000e-03   8.46018643822482e-02
  -1.93000000000000e-03   8.55870607979359e-02
  -1.92000000000000e-03   8.65722572136235e-02
  -1.91000000000000e-03   8.75574536293111e-02
  -1.90000000000000e-03   8.85426500449988e-02
  -1.89000000000000e-03   8.95278464606864e-02
  -1.88000000000000e-03   9.05130428763740e-02
  -1.87000000000000e-03   9.14982392920617e-02
  -1.86000000000000e-03   9.24834357077493e-02
  -1.85000000000000e-03   9.34686321234370e-02
  -1.84000000000000e-03   9.44538285391246e-02
  -1.83000000000000e-03   9.54390249548122e-02
  -1.82000000000000e-03   9.64242213704999e-02
  -1.81000000000000e-03   9.74094177861875e-02
  -1.80000000000000e-03   9.83946142018751e-02
  -1.79000000000000e-03   9.93798106175628e-02
  -1.78000000000000e-03   1.00365007033250e-01
  -1.77000000000000e-03   1.01350203448938e-01
  -1.76000000000000e-03   1.02335399864626e-01
  -1.75000000000000e-03   1.03320596280313e-01
  -1.74000000000000e-03   1.04305792696001e-01
  -1.73000000000000e-03   1.05290989111689e-01
  -1.72000000000000e-03   1.06276185527376e-01
  -1.71000000000000e-03   1.07261381943064e-01
  -1.70000000000000e-03   1.08246578358751e-01
  -1.69000000000000e-03   1.09231774774439e-01
  -1.68000000000000e-03   1.10216971190127e-01
  -1.67000000000000e-03   1.11202167605814e-01
  -1.66000000000000e-03   1.12187364021502e-01
  -1.65000000000000e-03   1.13172560437190e-01
  -1.64000000000000e-03   1.14157756852877e-01
  -1.63000000000000e-03   1.15142953268565e-01
  -1.62000000000000e-03   1.16128149684253e-01
  -1.61000000000000e-03   1.17113346099940e-01
  -1.60000000000000e-03   1.18098542515628e-01
  -1.59000000000000e-03   1.19083738931315e-01
  -1.58000000000000e-03   1.20068935347003e-01
  -1.57000000000000e-03   1.21054131762691e-01
  -1.56000000000000e-03   1.22039328178378e-01
  -1.55000000000000e-03   1.23024524594066e-01
  -1.54000000000000e-03   1.24009721009754e-01
  -1.53000000000000e-03   1.24994917425441e-01
  -1.52000000000000e-03   1.25980113841129e-01
  -1.51000000000000e-03   1.26965310256817e-01
  -1.50000000000000e-03   1.27950506672504e-01
  -1.49000000000000e-03   1.28935703088192e-01
  -1.48000000000000e-03   1.29920899503880e-01
  -1.47000000000000e-03   1.30906095919567e-01
  -1.46000000000000e-03   1.31891292335255e-01
  -1.45000000000000e-03   1.32876488750942e-01
  -1.44000000000000e-03   1.33861685166630e-01
  -1.43000000000000e-03   1.34846881582318e-01
  -1.42000000000000e-03   1.35832077998005e-01
  -1.41000000000000e-03   1.36817274413693e-01
  -1.40000000000000e-03   1.37802470829381e-01
  -1.39000000000000e-03   1.38787667245068e-01
  -1.38000000000000e-03   1.39772863660756e-01
  -1.37000000000000e-03   1.40758060076444e-01
  -1.36000000000000e-03   1.41743256492131e-01
  -1.35000000000000e-03   1.42728452907819e-01
  -1.34000000000000e-03   1.43713649323506e-01
  -1.33000000000000e-03   1.44698845739194e-01
  -1.32000000000000e-03   1.45684042154882e-01
  -1.31000000000000e-03   1.46669238570569e-01
  -1.30000000000000e-03   1.47654434986257e-01
  -1.29000000000000e-03   1.48639631401945e-01
  -1.28000000000000e-03   1.49624827817632e-01
  -1.27000000000000e-03   1.50610024233320e-01
  -1.26000000000000e-03   1.51595220649007e-01
  -1.25000000000000e-03   1.52580417064695e-01
  -1.24000000000000e-03   1.53565613480383e-01
  -1.23000000000000e-03   1.54550809896070e-01
  -1.22000000000000e-03   1.55536006311758e-01
  -1.21000000000000e-03   1.56521202727446e-01
  -1.20000000000000e-03   1.57506399143133e-01
  -1.19000000000000e-03   1.58491595558821e-01
  -1.18000000000000e-03   1.59476791974509e-01
  -1.17000000000000e-03   1.60461988390196e-01
  -1.16000000000000e-03   1.61447184805884e-01
  -1.15000000000000e-03   1.62432381221571e-01
  -1.14000000000000e-03   1.63417577637259e-01
  -1.13000000000000e-03   1.64402774052947e-01
  -1.12000000000000e-03   1.65387970468634e-01
  -1.11000000000000e-03   1.66373166884322e-01
  -1.10000000000000e-03   1.67358363300010e-01
  -1.09000000000000e-03   1.68343559715697e-01
  -1.08000000000000e-03   1.69328756131385e-01
  -1.07000000000000e-03   1.70313952547073e-01
  -1.06000000000000e-03   1.71299148962760e-01
  -1.05000000000000e-03   1.72284345378448e-01
  -1.04000000000000e-03   1.73269541794136e-01
  -1.03000000000000e-03   1.74254738209823e-01
  -1.02000000000000e-03   1.75239934625511e-01
  -1.01000000000000e-03   1.76225131041198e-01
  -1.00000000000000e-03   1.77210327456886e-01
  -9.90000000000001e-04   1.78195523872574e-01
  -9.80000000000001e-04   1.79180720288261e-01
  -9.70000000000001e-04   1.80165916703949e-01
  -9.60000000000001e-04   1.81151113119637e-01
  -9.50000000000001e-04   1.82136309535324e-01
  -9.40000000000001e-04   1.83121505951012e-01
  -9.30000000000001e-04   1.84106702366699e-01
  -9.20000000000001e-04   1.85091898782387e-01
  -9.10000000000001e-04   1.86077095198075e-01
  -9.00000000000001e-04   1.87062291613762e-01
  -8.90000000000001e-04   1.88047488029450e-01
  -8.80000000000001e-04   1.89032684445138e-01
  -8.70000000000001e-04   1.90017880860825e-01
  -8.60000000000001e-04   1.91003077276513e-01
  -8.50000000000001e-04   1.91988273692201e-01
  -8.40000000000001e-04   1.92973470107888e-01
  -8.30000000000001e-04   1.93958666523576e-01
  -8.20000000000001e-04   1.94943862939263e-01
  -8.10000000000001e-04   1.95929059354951e-01
  -8.00000000000001e-04   1.96914255770639e-01
  -7.90000000000001e-04   1.97899452186326e-01
  -7.80000000000001e-04   1.98884648602014e-01
  -7.70000000000001e-04   1.99869845017702e-01
  -7.60000000000001e-04   2.00855041433389e-01
  -7.50000000000001e-04   2.01840237849077e-01
  -7.40000000000001e-04   2.02825434264765e-01
  -7.30000000000001e-04   2.03810630680452e-01
  -7.20000000000001e-04   2.04795827096140e-01
  -7.10000000000001e-04   2.05781023511828e-01
  -7.00000000000001e-04   2.06766219927515e-01
  -6.90000000000001e-04   2.07751416343203e-01
  -6.80000000000000e-04   2.08736612758890e-01
  -6.70000000000000e-04   2.09721809174578e-01
  -6.60000000000000e-04   2.10707005590266e-01
  -6.50000000000000e-04   2.11692202005953e-01
  -6.40000000000000e-04   2.12677398421641e-01
  -6.30000000000000e-04   2.13662594837329e-01
  -6.20000000000000e-04   2.14647791253016e-01
  -6.10000000000000e-04   2.15632987668704e-01
  -6.00000000000000e-04   2.16618184084391e-01
  -5.90000000000000e-04   2.17603380500079e-01
  -5.80000000000000e-04   2.18588576915767e-01
  -5.70000000000000e-04   2.19573773331454e-01
  -5.60000000000000e-04   2.20558969747142e-01
  -5.50000000000000e-04   2.21544166162830e-01
  -5.40000000000000e-04   2.22529362578517e-01
  -5.30000000000000e-04   2.23514558994205e-01
  -5.20000000000000e-04   2.24499755409893e-01
  -5.10000000000000e-04   2.25484951825580e-01
  -5.00000000000000e-04   2.26470148241268e-01
  -4.90000000000000e-04   2.27455344656955e-01
  -4.80000000000000e-04   2.28440541072643e-01
  -4.70000000000000e-04   2.29425737488331e-01
  -4.60000000000000e-04   2.30410933904018e-01
  -4.50000000000000e-04   2.31396130319706e-01
  -4.40000000000000e-04   2.32381326735394e-01
  -4.30000000000000e-04   2.33366523151081e-01
  -4.20000000000000e-04   2.34351719566769e-01
  -4.10000000000000e-04   2.35336915982457e-01
  -4.00000000000000e-04   2.36322112398144e-01
  -3.90000000000000e-04   2.37307308813832e-01
  -3.80000000000000e-04   2.38292505229520e-01
  -3.70000000000000e-04   2.39277701645207e-01
  -3.60000000000000e-04   2.40262898060895e-01
  -3.50000000000000e-04   2.41248094476582e-01
  -3.40000000000000e-04   2.42233290892270e-01
  -3.30000000000000e-04   2.43218487307958e-01
  -3.20000000000000e-04   2.44203683723645e-01
  -3.10000000000000e-04   2.45188880139333e-01
  -2.99999999999999e-04   2.46174076555021e-01
  -2.89999999999999e-04   2.47159272970708e-01
  -2.79999999999999e-04   2.48144469386396e-01
  -2.69999999999999e-04   2.49129665802083e-01
  -2.59999999999999e-04   2.50114862217771e-01
  -2.49999999999999e-04   2.51100058633459e-01
  -2.39999999999999e-04   2.52085255049146e-01
  -2.29999999999999e-04   2.53070451464834e-01
  -2.19999999999999e-04   2.54055647880522e-01
  -2.09999999999999e-04   2.55040844296209e-01
  -1.99999999999999e-04   2.56026040711897e-01
  -1.89999999999999e-04   2.57011237127585e-01
  -1.79999999999999e-04   2.57996433543272e-01
  -1.69999999999999e-04   2.58981629958960e-01
  -1.59999999999999e-04   2.59966826374647e-01
  -1.49999999999999e-04   2.60952022790335e-01
  -1.39999999999999e-04   2.61937219206023e-01
  -1.29999999999999e-04   2.62922415621710e-01
  -1.19999999999999e-04   2.63907612037398e-01
  -1.09999999999999e-04   2.64892808453086e-01
  -9.99999999999994e-05   2.65878004868773e-01
  -8.99999999999994e-05   2.66863201284461e-01
  -7.99999999999994e-05   2.67848397700149e-01
  -6.99999999999994e-05   2.68833594115836e-01
  -5.99999999999994e-05   2.69818790531524e-01
  -4.99999999999994e-05   2.70803986947211e-01
  -3.99999999999994e-05   2.71789183362899e-01
  -2.99999999999994e-05   2.72774379778587e-01
  -1.99999999999994e-05   2.73759576194274e-01
  -9.99999999999937e-06   2.74744772609962e-01
   6.26804380968182e-19   2.75729969025650e-01
   1.00000000000006e-05   2.76715165441337e-01
   2.00000000000006e-05   2.77700361857025e-01
   3.00000000000006e-05   2.78685558272713e-01
   4.00000000000006e-05   2.79670754688400e-01
   5.00000000000006e-05   2.80655951104088e-01
   6.00000000000006e-05   2.81641147519775e-01
   7.00000000000006e-05   2.82626343935463e-01
   8.00000000000006e-05   2.83611540351151e-01
   9.00000000000006e-05   2.84596736766838e-01
   1.00000000000001e-04   2.85581933182526e-01
   1.10000000000001e-04   2.86567129598214e-01
   1.20000000000001e-04   2.87552326013901e-01
   1.30000000000001e-04   2.88537522429589e-01
   1.40000000000001e-04   2.89522718845277e-01
   1.50000000000001e-04   2.90507915260964e-01
   1.60000000000001e-04   2.91493111676652e-01
   1.70000000000001e-04   2.92478308092339e-01
   1.80000000000001e-04   3.78451893909707e-01
   1.90000000000001e-04   5.55460732343668e-01
   2.00000000000001e-04   7.32469570777612e-01
   2.10000000000001e-04   5.67454562173854e-01
   2.20000000000001e-04   4.42909113514688e-01
   2.30000000000001e-04   3.48467706904198e-01
   2.40000000000001e-04   2.76391555540711e-01
   2.50000000000001e-04   2.20977904203926e-01
   2.40000000000001e-04   8.78180390198894e-02
   2.30000000000001e-04  -7.90698678260679e-03
   2.20000000000001e-04  -3.11282238402449e-02
   2.10000000000001e-04  -5.43494608978831e-02
   2.00000000000001e-04  -7.75706979555212e-02
   1.90000000000001e-04  -1.00791935013159e-01
   1.80000000000001e-04  -1.24013172070798e-01
   1.70000000000001e-04  -1.47234409128436e-01
   1.60000000000001e-04  -1.70455646186074e-01
   1.50000000000001e-04  -1.93676883243712e-01
   1.40000000000001e-04  -2.16898120301350e-01
   1.30000000000001e-04  -2.40119357358988e-01
   1.20000000000001e-04  -2.63340594416626e-01
   1.10000000000001e-04  -2.86561831474265e-01
   1.00000000000001e-04  -3.09783068531903e-01
   9.00000000000007e-05  -3.33004305589541e-01
   8.00000000000007e-05  -3.56225542647179e-01
   7.00000000000007e-05  -3.79446779704817e-01
   6.00000000000007e-05  -4.02668016762455e-01
   5.00000000000007e-05  -4.25889253820093e-01
   4.00000000000007e-05  -4.49110490877732e-01
   3.00000000000007e-05  -4.72331727935370e-01
   2.00000000000007e-05  -4.95552964993008e-01
   1.00000000000007e-05  -5.18774202050646e-01
   6.74238226014423e-19  -5.41995439108284e-01
  -9.99999999999933e-06  -5.65216676165922e-01
  -1.99999999999993e-05  -5.88437913223561e-01
  -2.99999999999993e-05  -6.11659150281199e-01
  -3.99999999999993e-05  -6.34880387338837e-01
  -4.99999999999993e-05  -6.58101624396475e-01
  -5.99999999999993e-05  -6.81322861454113e-01
  -6.99999999999993e-05  -7.04544098511751e-01
  -7.99999999999993e-05  -7.27765335569389e-01
  -8.99999999999993e-05  -7.50986572627028e-01
  -9.99999999999993e-05  -7.74207809684666e-01
  -1.09999999999999e-04  -7.97429046742304e-01
  -1.19999999999999e-04  -8.20650283799942e-01
  -1.29999999999999e-04  -8.43871520857580e-01
  -1.39999999999999e-04  -8.67092757915218e-01
  -1.49999999999999e-04  -8.90313994972856e-01
  -1.59999999999999e-04  -9.13535232030495e-01
  -1.69999999999999e-04  -9.36756469088133e-01
  -1.79999999999999e-04  -9.59977706145771e-01
  -1.89999999999999e-04  -9.83198943203409e-01
  -1.99999999999999e-04  -1.00642018026105e+00
  -2.09999999999999e-04  -1.02964141731869e+00
  -2.19999999999999e-04  -1.05286265437632e+00
  -2.29999999999999e-04  -1.07608389143396e+00
  -2.39999999999999e-04  -1.09930512849160e+00
  -2.49999999999999e-04  -1.12252636554924e+00
  -2.59999999999999e-04  -1.14574760260688e+00
  -2.69999999999999e-04  -1.16896883966451e+00
  -2.79999999999999e-04  -1.19219007672215e+00
  -2.89999999999999e-04  -1.21541131377979e+00
  -2.99999999999999e-04  -1.23863255083743e+00
  -3.10000000000000e-04  -1.26185378789507e+00
  -3.20000000000000e-04  -1.28507502495271e+00
  -3.30000000000000e-04  -1.30829626201034e+00
  -3.40000000000000e-04  -1.33151749906798e+00
  -3.50000000000000e-04  -1.35473873612562e+00
  -3.60000000000000e-04  -1.37795997318326e+00
  -3.70000000000000e-04  -1.40118121024090e+00
  -3.80000000000000e-04  -1.42440244729853e+00
  -3.90000000000000e-04  -1.44762368435617e+00
  -4.00000000000000e-04  -1.47084492141381e+00
  -4.10000000000000e-04  -1.49406615847145e+00
  -4.20000000000000e-04  -1.51728739552909e+00
  -4.30000000000000e-04  -1.54050863258673e+00
  -4.40000000000000e-04  -1.56372986964436e+00
  -4.50000000000000e-04  -1.58695110670200e+00
  -4.60000000000000e-04  -1.61017234375964e+00
  -4.70000000000000e-04  -1.63339358081728e+00
  -4.80000000000000e-04  -1.65661481787492e+00
  -4.90000000000000e-04  -1.67983605493256e+00
  -5.00000000000000e-04  -1.70305729199019e+00
  -5.10000000000000e-04  -1.72627852904783e+00
  -5.20000000000000e-04  -1.74949976610547e+00
  -5.30000000000000e-04  -1.77272100316311e+00
  -5.40000000000000e-04  -1.79594224022075e+00
  -5.50000000000000e-04  -1.81916347727838e+00
  -5.60000000000000e-04  -1.84238471433602e+00
  -5.70000000000000e-04  -1.86560595139366e+00
  -5.80000000000000e-04  -1.88882718845130e+00
  -5.90000000000000e-04  -1.91204842550894e+00
  -6.00000000000000e-04  -1.93526966256658e+00
  -6.10000000000000e-04  -1.95849089962421e+00
  -6.20000000000000e-04  -1.98171213668185e+00
  -6.30000000000000e-04  -2.00493337373949e+00
  -6.40000000000000e-04  -2.02815461079713e+00
  -6.50000000000000e-04  -2.05137584785477e+00
  -6.60000000000000e-04  -2.07459708491240e+00
  -6.70000000000000e-04  -2.09781832197004e+00
  -6.80000000000000e-04  -2.12103955902768e+00
  -6.90000000000001e-04  -2.14426079608532e+00
  -7.00000000000001e-04  -2.16748203314296e+00
  -7.10000000000001e-04  -2.19070327020060e+00
  -7.20000000000001e-04  -2.21392450725823e+00
  -7.30000000000001e-04  -2.23714574431587e+00
  -7.40000000000001e-04  -2.26036698137351e+00
  -7.50000000000001e-04  -2.28358821843115e+00
  -7.60000000000001e-04  -2.30680945548879e+00
  -7.70000000000001e-04  -2.33003069254642e+00
  -7.80000000000001e-04  -2.35325192960406e+00
  -7.90000000000001e-04  -2.37647316666170e+00
  -8.00000000000001e-04  -2.39969440371934e+00
  -8.10000000000001e-04  -2.42291564077698e+00
  -8.20000000000001e-04  -2.44613687783462e+00
  -8.30000000000001e-04  -2.46935811489225e+00
  -8.40000000000001e-04  -2.49257935194989e+00
  -8.50000000000001e-04  -2.51580058900753e+00
  -8.60000000000001e-04  -2.53902182606517e+00
  -8.70000000000001e-04  -2.56224306312281e+00
  -8.80000000000001e-04  -2.58546430018045e+00
  -8.90000000000001e-04  -2.60868553723808e+00
  -9.00000000000001e-04  -2.63190677429572e+00
  -9.10000000000001e-04  -2.65512801135336e+00
  -9.20000000000001e-04  -2.67834924841100e+00
  -9.30000000000001e-04  -2.70157048546864e+00
  -9.40000000000001e-04  -2.72479172252627e+00
  -9.50000000000001e-04  -2.74801295958391e+00
  -9.60000000000001e-04  -2.77123419664155e+00
  -9.70000000000001e-04  -2.79445543369919e+00
  -9.80000000000001e-04  -2.81767667075683e+00
  -9.90000000000001e-04  -2.84089790781447e+00
  -1.00000000000000e-03  -2.86411914487210e+00
  -1.01000000000000e-03  -2.88734038192974e+00
  -1.02000000000000e-03  -2.91056161898738e+00
  -1.03000000000000e-03  -2.93378285604502e+00
  -1.04000000000000e-03  -2.95700409310266e+00
  -1.05000000000000e-03  -2.98022533016030e+00
  -1.06000000000000e-03  -3.00344656721793e+00
  -1.07000000000000e-03  -3.02666780427557e+00
  -1.08000000000000e-03  -3.04988904133321e+00
  -1.09000000000000e-03  -3.07311027839085e+00
  -1.10000000000000e-03  -3.09633151544849e+00
  -1.11000000000000e-03  -3.11955275250612e+00
  -1.12000000000000e-03  -3.14277398956376e+00
  -1.13000000000000e-03  -3.16599522662140e+00
  -1.14000000000000e-03  -3.18921646367904e+00
  -1.15000000000000e-03  -3.21243770073668e+00
  -1.16000000000000e-03  -3.23565893779432e+00
  -1.17000000000000e-03  -3.25888017485195e+00
  -1.18000000000000e-03  -3.28210141190959e+00
  -1.19000000000000e-03  -3.30532264896723e+00
  -1.20000000000000e-03  -3.32854388602487e+00
  -1.21000000000000e-03  -3.35176512308251e+00
  -1.22000000000000e-03  -3.37498636014014e+00
  -1.23000000000000e-03  -3.39820759719778e+00
  -1.24000000000000e-03  -3.42142883425542e+00
  -1.25000000000000e-03  -3.44465007131306e+00
  -1.26000000000000e-03  -3.46787130837070e+00
  -1.27000000000000e-03  -3.49109254542834e+00
  -1.28000000000000e-03  -3.51431378248597e+00
  -1.29000000000000e-03  -3.53753501954361e+00
  -1.30000000000000e-03  -3.56075625660125e+00
  -1.31000000000000e-03  -3.58397749365889e+00
  -1.32000000000000e-03  -3.60719873071653e+00
  -1.33000000000000e-03  -3.63041996777416e+00
  -1.34000000000000e-03  -3.65364120483180e+00
  -1.35000000000000e-03  -3.67686244188944e+00
  -1.36000000000000e-03  -3.70008367894708e+00
  -1.37000000000000e-03  -3.72330491600472e+00
  -1.38000000000000e-03  -3.74652615306236e+00
  -1.39000000000000e-03  -3.76974739011999e+00
  -1.40000000000000e-03  -3.79296862717763e+00
  -1.41000000000000e-03  -3.81618986423527e+00
  -1.42000000000000e-03  -3.83941110129291e+00
  -1.43000000000000e-03  -3.86263233835055e+00
  -1.44000000000000e-03  -3.88585357540819e+00
  -1.45000000000000e-03  -3.90907481246582e+00
  -1.46000000000000e-03  -3.93229604952346e+00
  -1.47000000000000e-03  -3.95551728658110e+00
  -1.48000000000000e-03  -3.97873852363874e+00
  -1.49000000000000e-03  -4.00195976069638e+00
  -1.50000000000000e-03  -4.02518099775401e+00
  -1.51000000000000e-03  -4.04840223481165e+00
  -1.52000000000000e-03  -4.07162347186929e+00
  -1.53000000000000e-03  -4.09484470892693e+00
  -1.54000000000000e-03  -4.11806594598457e+00
  -1.55000000000000e-03  -4.14128718304221e+00
  -1.56000000000000e-03  -4.16450842009984e+00
  -1.57000000000000e-03  -4.18772965715748e+00
  -1.58000000000000e-03  -4.21095089421512e+00
  -1.59000000000000e-03  -4.23417213127276e+00
  -1.60000000000000e-03  -4.25739336833040e+00
  -1.61000000000000e-03  -4.28061460538803e+00
  -1.62000000000000e-03  -4.30383584244567e+00
  -1.63000000000000e-03  -4.32705707950331e+00
  -1.64000000000000e-03  -4.35027831656095e+00
  -1.65000000000000e-03  -4.37349955361859e+00
  -1.66000000000000e-03  -4.39672079067623e+00
  -1.67000000000000e-03  -4.41994202773386e+00
  -1.68000000000000e-03  -4.44316326479150e+00
  -1.69000000000000e-03  -4.46638450184914e+00
  -1.70000000000000e-03  -4.48960573890678e+00
  -1.71000000000000e-03  -4.51282697596442e+00
  -1.72000000000000e-03  -4.53604821302206e+00
  -1.73000000000000e-03  -4.55926945007969e+00
  -1.74000000000000e-03  -4.58249068713733e+00
  -1.75000000000000e-03  -4.60571192419497e+00
  -1.76000000000000e-03  -4.62893316125261e+00
  -1.77000000000000e-03  -4.65215439831025e+00
  -1.78000000000000e-03  -4.67537563536788e+00
  -1.79000000000000e-03  -4.69859687242552e+00
  -1.80000000000000e-03  -4.72181810948316e+00
  -1.81000000000000e-03  -4.74503934654080e+00
  -1.82000000000000e-03  -4.76826058359844e+00
  -1.83000000000000e-03  -4.79148182065608e+00
  -1.84000000000000e-03  -4.81470305771371e+00
  -1.85000000000000e-03  -4.83792429477135e+00
  -1.86000000000000e-03  -4.86114553182899e+00
  -1.87000000000000e-03  -4.88436676888663e+00
  -1.88000000000000e-03  -4.90758800594427e+00
  -1.89000000000000e-03  -4.93080924300190e+00
  -1.90000000000000e-03  -4.95403048005954e+00
  -1.91000000000000e-03  -4.97725171711718e+00
  -1.92000000000000e-03  -5.00047295417482e+00
  -1.93000000000000e-03  -5.02369419123246e+00
  -1.94000000000000e-03  -5.04691542829010e+00
  -1.95000000000000e-03  -5.07013666534773e+00
  -1.96000000000000e-03  -5.09335790240537e+00
  -1.97000000000000e-03  -5.11657913946301e+00
  -1.98000000000000e-03  -5.13980037652065e+00
  -1.99000000000000e-03  -5.16302161357829e+00
  -2.00000000000000e-03  -5.18624285063593e+00
  -2.01000000000000e-03  -5.20946408769356e+00
  -2.02000000000000e-03  -5.23268532475120e+00
  -2.03000000000000e-03  -5.25590656180884e+00
  -2.04000000000000e-03  -5.27912779886648e+00
  -2.05000000000000e-03  -5.30234903592412e+00
  -2.06000000000000e-03  -5.32557027298175e+00
  -2.07000000000000e-03  -5.34879151003939e+00
  -2.08000000000000e-03  -5.37201274709703e+00
  -2.09000000000000e-03  -5.39523398415467e+00
  -2.10000000000000e-03  -5.41845522121231e+00
  -2.11000000000000e-03  -5.44167645826995e+00
  -2.12000000000000e-03  -5.46489769532758e+00
  -2.13000000000000e-03  -5.48811893238522e+00
  -2.14000000000000e-03  -5.51134016944286e+00
  -2.15000000000000e-03  -5.53456140650050e+00
  -2.16000000000000e-03  -5.55778264355814e+00
  -2.17000000000000e-03  -5.58100388061577e+00
  -2.18000000000000e-03  -5.60422511767341e+00
  -2.19000000000000e-03  -5.62744635473105e+00
  -2.20000000000000e-03  -5.65066759178869e+00
  -2.21000000000000e-03  -5.67388882884633e+00
  -2.22000000000000e-03  -5.69711006590397e+00
  -2.23000000000000e-03  -5.72033130296160e+00
  -2.24000000000000e-03  -5.74355254001924e+00
  -2.25000000000000e-03  -5.76677377707688e+00
  -2.26000000000000e-03  -5.78999501413452e+00
  -2.27000000000000e-03  -5.81321625119216e+00
  -2.28000000000000e-03  -5.83643748824979e+00
  -2.29000000000000e-03  -5.85965872530743e+00
  -2.30000000000000e-03  -5.88287996236507e+00
  -2.31000000000000e-03  -5.90610119942271e+00
  -2.32000000000000e-03  -5.92932243648035e+00
  -2.33000000000000e-03  -5.95254367353799e+00
  -2.34000000000000e-03  -5.97576491059562e+00
  -2.35000000000000e-03  -5.99898614765326e+00
  -2.36000000000000e-03  -6.02220738471090e+00
  -2.37000000000000e-03  -6.04542862176854e+00
  -2.38000000000000e-03  -6.06864985882618e+00
  -2.39000000000000e-03  -6.09187109588381e+00
  -2.40000000000000e-03  -6.11509233294145e+00
  -2.41000000000001e-03  -6.13831356999909e+00
  -2.42000000000001e-03  -6.16153480705673e+00
  -2.43000000000001e-03  -6.18475604411437e+00
  -2.44000000000001e-03  -6.20797728117201e+00
  -2.45000000000001e-03  -6.23119851822964e+00
  -2.46000000000001e-03  -6.25441975528728e+00
  -2.47000000000001e-03  -6.27764099234492e+00
  -2.48000000000001e-03  -6.30086222940256e+00
  -2.49000000000001e-03  -6.32408346646020e+00
  -2.50000000000001e-03  -6.34730470351784e+00
  -2.51000000000001e-03  -6.37052594057547e+00
  -2.52000000000001e-03  -6.39374717763311e+00
  -2.53000000000001e-03  -6.41696841469075e+00
  -2.54000000000001e-03  -6.44018965174839e+00
  -2.55000000000001e-03  -6.46341088880603e+00
  -2.56000000000001e-03  -6.48663212586366e+00
  -2.57000000000001e-03  -6.50985336292130e+00
  -2.58000000000001e-03  -6.53307459997894e+00
  -2.59000000000001e-03  -6.55629583703658e+00
  -2.60000000000001e-03  -6.57951707409422e+00
  -2.61000000000001e-03  -6.60273831115186e+00
  -2.62000000000001e-03  -6.62595954820949e+00
  -2.63000000000001e-03  -6.64918078526713e+00
  -2.64000000000001e-03  -6.67240202232477e+00
  -2.65000000000001e-03  -6.69562325938241e+00
  -2.66000000000001e-03  -6.71884449644005e+00
  -2.67000000000001e-03  -6.74206573349769e+00
  -2.68000000000001e-03  -6.76528697055532e+00
  -2.69000000000001e-03  -6.78850820761296e+00
  -2.70000000000001e-03  -6.81172944467060e+00
  -2.71000000000001e-03  -6.83495068172824e+00
  -2.72000000000001e-03  -6.85817191878588e+00
  -2.73000000000001e-03  -6.88139315584351e+00
  -2.74000000000001e-03  -6.90461439290115e+00
  -2.75000000000001e-03  -6.92783562995879e+00
  -2.76000000000001e-03  -6.95105686701643e+00
  -2.77000000000001e-03  -6.97427810407407e+00
  -2.78000000000001e-03  -6.99749934113171e+00
  -2.79000000000001e-03  -7.02072057818934e+00
  -2.80000000000001e-03  -7.04394181524698e+00
  -2.81000000000001e-03  -7.06716305230462e+00
  -2.82000000000001e-03  -7.09038428936226e+00
  -2.83000000000001e-03  -7.11360552641990e+00
  -2.84000000000001e-03  -7.13682676347753e+00
  -2.85000000000001e-03  -7.16004800053517e+00
  -2.86000000000001e-03  -7.18326923759281e+00
  -2.87000000000001e-03  -7.20649047465045e+00
  -2.88000000000001e-03  -7.22971171170809e+00
  -2.89000000000001e-03  -7.25293294876573e+00
  -2.90000000000001e-03  -7.27615418582336e+00
  -2.91000000000001e-03  -7.29937542288100e+00
  -2.92000000000001e-03  -7.32259665993864e+00
  -2.93000000000001e-03  -7.34581789699628e+00
  -2.94000000000001e-03  -7.36903913405392e+00
  -2.95000000000001e-03  -7.39226037111156e+00
  -2.96000000000001e-03  -7.41548160816919e+00
  -2.97000000000001e-03  -7.43870284522683e+00
  -2.98000000000001e-03  -7.46192408228447e+00
  -2.99000000000001e-03  -7.48514531934211e+00
  -3.00000000000001e-03  -7.50836655639975e+00
  -3.01000000000001e-03  -7.53158779345738e+00
  -3.02000000000001e-03  -7.55480903051502e+00
  -3.03000000000001e-03  -7.57803026757266e+00
  -3.04000000000001e-03  -7.60125150463030e+00
  -3.05000000000001e-03  -7.62447274168794e+00
  -3.06000000000001e-03  -7.64769397874558e+00
  -3.07000000000001e-03  -7.67091521580321e+00
  -3.08000000000001e-03  -7.69413645286085e+00
  -3.09000000000001e-03  -7.71735768991849e+00
  -3.10000000000001e-03  -7.74057892697613e+00
  -3.11000000000001e-03  -7.76380016403377e+00
  -3.12000000000001e-03  -7.78702140109140e+00
  -3.13000000000001e-03  -7.81024263814904e+00
  -3.14000000000001e-03  -7.83346387520668e+00
  -3.15000000000001e-03  -7.85668511226432e+00
  -3.16000000000001e-03  -7.87990634932196e+00
  -3.17000000000001e-03  -7.90312758637960e+00
  -3.18000000000001e-03  -7.92634882343723e+00
  -3.19000000000001e-03  -7.94957006049487e+00
  -3.20000000000001e-03  -7.97279129755251e+00
  -3.21000000000001e-03  -7.99601253461015e+00
  -3.22000000000001e-03  -8.01923377166779e+00
  -3.23000000000001e-03  -8.04245500872542e+00
  -3.24000000000001e-03  -8.06567624578306e+00
  -3.25000000000001e-03  -8.08889748284070e+00
  -3.26000000000001e-03  -8.11211871989834e+00
  -3.27000000000001e-03  -8.13533995695598e+00
  -3.28000000000001e-03  -8.16971870335185e+00
  -3.29000000000001e-03  -8.33947236875653e+00
  -3.30000000000001e-03  -8.50922603416120e+00
  -3.31000000000001e-03  -8.67897969956588e+00
  -3.32000000000001e-03  -8.84873336497056e+00
  -3.33000000000001e-03  -9.01848703037524e+00
  -3.34000000000001e-03  -9.18824069577991e+00
  -3.35000000000001e-03  -9.35799436118459e+00
  -3.36000000000001e-03  -9.52774802658927e+00
  -3.37000000000001e-03  -9.69750169199394e+00
  -3.38000000000001e-03  -9.86725535739862e+00
  -3.39000000000001e-03  -1.00370090228033e+01
  -3.40000000000001e-03  -1.02067626882080e+01
  -3.41000000000001e-03  -1.03765163536127e+01
  -3.42000000000001e-03  -1.05462700190173e+01
  -3.43000000000001e-03  -1.07160236844220e+01
  -3.44000000000001e-03  -1.08857773498267e+01
  -3.45000000000001e-03  -1.10555310152314e+01
  -3.46000000000001e-03  -1.12252846806360e+01
  -3.47000000000001e-03  -1.13950383460407e+01
  -3.48000000000001e-03  -1.15647920114454e+01
  -3.49000000000001e-03  -1.17345456768501e+01
  -3.50000000000001e-03  -1.19042993422547e+01
  -3.51000000000001e-03  -1.20740530076594e+01
  -3.52000000000001e-03  -1.22438066730641e+01
  -3.53000000000001e-03  -1.24135603384688e+01
  -3.54000000000001e-03  -1.25833140038735e+01
  -3.55000000000001e-03  -1.27530676692781e+01
  -3.56000000000001e-03  -1.29228213346828e+01
  -3.57000000000001e-03  -1.30925750000875e+01
  -3.58000000000001e-03  -1.32623286654922e+01
  -3.59000000000001e-03  -1.34320823308968e+01
  -3.60000000000001e-03  -1.36018359963015e+01
  -3.61000000000001e-03  -1.37715896617062e+01
  -3.62000000000001e-03  -1.39413433271109e+01
  -3.63000000000001e-03  -1.41110969925156e+01
  -3.64000000000001e-03  -1.42808506579202e+01
  -3.65000000000001e-03  -1.44506043233249e+01
  -3.66000000000001e-03  -1.46203579887296e+01
  -3.67000000000001e-03  -1.47901116541343e+01
  -3.68000000000001e-03  -1.49598653195389e+01
  -3.69000000000001e-03  -1.51296189849436e+01
  -3.70000000000001e-03  -1.52993726503483e+01
  -3.71000000000001e-03  -1.54691263157530e+01
  -3.72000000000001e-03  -1.56388799811577e+01
  -3.73000000000001e-03  -1.58086336465623e+01
  -3.74000000000001e-03  -1.59783873119670e+01
  -3.75000000000001e-03  -1.61481409773717e+01
  -3.76000000000001e-03  -1.63178946427764e+01
  -3.77000000000001e-03  -1.64876483081810e+01
  -3.78000000000001e-03  -1.66574019735857e+01
  -3.79000000000001e-03  -1.68271556389904e+01
  -3.80000000000001e-03  -1.69969093043951e+01
  -3.81000000000001e-03  -1.71666629697997e+01
  -3.82000000000001e-03  -1.73364166352044e+01
  -3.83000000000001e-03  -1.75061703006091e+01
  -3.84000000000001e-03  -1.76759239660138e+01
  -3.85000000000001e-03  -1.78456776314185e+01
  -3.86000000000001e-03  -1.80154312968231e+01
  -3.87000000000001e-03  -1.81851849622278e+01
  -3.88000000000001e-03  -1.83549386276325e+01
  -3.89000000000001e-03  -1.85246922930372e+01
  -3.90000000000001e-03  -1.86944459584418e+01
  -3.91000000000001e-03  -1.88641996238465e+01
  -3.92000000000001e-03  -1.90339532892512e+01
  -3.93000000000001e-03  -1.92037069546559e+01
  -3.94000000000001e-03  -1.93734606200605e+01
  -3.95000000000001e-03  -1.95432142854652e+01
  -3.96000000000001e-03  -1.97129679508699e+01
  -3.97000000000001e-03  -1.98827216162745e+01
  -3.98000000000001e-03  -2.00524752816792e+01
  -3.99000000000001e-03  -2.02222289470839e+01
  -4.00000000000001e-03  -2.03919826124885e+01
  -4.01000000000000e-03  -2.03252803252945e+01
  -4.02000000000000e-03  -2.02586392489174e+01
  -4.03000000000000e-03  -2.01920617475139e+01
  -4.04000000000000e-03  -2.01255501551310e+01
  -4.05000000000000e-03  -2.00591067757924e+01
  -4.06000000000000e-03  -1.99927338835893e+01
  -4.07000000000000e-03  -1.99264337227754e+01
  -4.08000000000000e-03  -1.98602085078654e+01
  -4.09000000000000e-03  -1.97940604237380e+01
  -4.10000000000000e-03  -1.97279916257422e+01
  -4.11000000000000e-03  -1.96620042398077e+01
  -4.12000000000000e-03  -1.95961003625591e+01
  -4.13000000000000e-03  -1.95302820614330e+01
  -4.14000000000000e-03  -1.94645513747988e+01
  -4.15000000000000e-03  -1.93989103120839e+01
  -4.16000000000000e-03  -1.93333608539005e+01
  -4.17000000000000e-03  -1.92679049521769e+01
  -4.18000000000000e-03  -1.92025445302914e+01
  -4.19000000000000e-03  -1.91372814832097e+01
  -4.20000000000000e-03  -1.90721176776244e+01
  -4.21000000000000e-03  -1.90070549520984e+01
  -4.22000000000000e-03  -1.89420951172105e+01
  -4.23000000000000e-03  -1.88772399557040e+01
  -4.24000000000000e-03  -1.88124912226375e+01
  -4.25000000000000e-03  -1.87478506455390e+01
  -4.25999999999999e-03  -1.86833199245618e+01
  -4.26999999999999e-03  -1.86189007326431e+01
  -4.27999999999999e-03  -1.85545947156650e+01
  -4.28999999999999e-03  -1.84904034926177e+01
  -4.29999999999999e-03  -1.84263286557644e+01
  -4.30999999999999e-03  -1.83623717708095e+01
  -4.31999999999999e-03  -1.82985343770671e+01
  -4.32999999999999e-03  -1.82348179876333e+01
  -4.33999999999999e-03  -1.81712240895586e+01
  -4.34999999999999e-03  -1.81077541440235e+01
  -4.35999999999999e-03  -1.80444095865152e+01
  -4.36999999999999e-03  -1.79811918270057e+01
  -4.37999999999999e-03  -1.79181022501322e+01
  -4.38999999999999e-03  -1.78551422153783e+01
  -4.39999999999999e-03  -1.77923130572572e+01
  -4.40999999999999e-03  -1.77296160854959e+01
  -4.41999999999999e-03  -1.76670525852208e+01
  -4.42999999999999e-03  -1.76046238171445e+01
  -4.43999999999999e-03  -1.75423310177543e+01
  -4.44999999999999e-03  -1.74801753995007e+01
  -4.45999999999999e-03  -1.74181581509880e+01
  -4.46999999999999e-03  -1.73562804371657e+01
  -4.47999999999999e-03  -1.72945433995199e+01
  -4.48999999999999e-03  -1.72329481562670e+01
  -4.49999999999998e-03  -1.71714958025472e+01
  -4.50999999999998e-03  -1.71101874106189e+01
  -4.51999999999998e-03  -1.70490240300538e+01
  -4.52999999999998e-03  -1.69880066879334e+01
  -4.53999999999998e-03  -1.69271363890444e+01
  -4.54999999999998e-03  -1.68664141160764e+01
  -4.55999999999998e-03  -1.68058408298191e+01
  -4.56999999999998e-03  -1.67454174693597e+01
  -4.57999999999998e-03  -1.66851449522814e+01
  -4.58999999999998e-03  -1.66250241748619e+01
  -4.59999999999998e-03  -1.65650560122719e+01
  -4.60999999999998e-03  -1.65052413187739e+01
  -4.61999999999998e-03  -1.64455809279215e+01
  -4.62999999999998e-03  -1.63860756527585e+01
  -4.63999999999998e-03  -1.63267262860181e+01
  -4.64999999999998e-03  -1.62675336003219e+01
  -4.65999999999998e-03  -1.62084983483798e+01
  -4.66999999999998e-03  -1.61496212631882e+01
  -4.67999999999998e-03  -1.60909030582298e+01
  -4.68999999999998e-03  -1.60323444276720e+01
  -4.69999999999998e-03  -1.59739460465660e+01
  -4.70999999999998e-03  -1.59157085710447e+01
  -4.71999999999998e-03  -1.58576326385212e+01
  -4.72999999999998e-03  -1.57997188678866e+01
  -4.73999999999998e-03  -1.57419678597076e+01
  -4.74999999999997e-03  -1.56843801964231e+01
  -4.75999999999997e-03  -1.56269564425416e+01
  -4.76999999999997e-03  -1.55696971448367e+01
  -4.77999999999997e-03  -1.55126028325433e+01
  -4.78999999999997e-03  -1.54556740175527e+01
  -4.79999999999997e-03  -1.53989111946071e+01
  -4.80999999999997e-03  -1.53423148414936e+01
  -4.81999999999997e-03  -1.52858854192380e+01
  -4.82999999999997e-03  -1.52296233722969e+01
  -4.83999999999997e-03  -1.51735291287506e+01
  -4.84999999999997e-03  -1.51176031004938e+01
  -4.85999999999997e-03  -1.50618456834267e+01
  -4.86999999999997e-03  -1.50062572576447e+01
  -4.87999999999997e-03  -1.49508381876274e+01
  -4.88999999999997e-03  -1.48955888224271e+01
  -4.89999999999997e-03  -1.48405094958563e+01
  -4.90999999999997e-03  -1.47856005266739e+01
  -4.91999999999997e-03  -1.47308622187714e+01
  -4.92999999999997e-03  -1.46762948613575e+01
  -4.93999999999997e-03  -1.46218987291420e+01
  -4.94999999999997e-03  -1.45676740825186e+01
  -4.95999999999997e-03  -1.45136211677473e+01
  -4.96999999999997e-03  -1.44597402171350e+01
  -4.97999999999997e-03  -1.44060314492157e+01
  -4.98999999999996e-03  -1.43524950689292e+01
  -4.99999999999996e-03  -1.42991312677997e+01
  -5.00999999999996e-03  -1.42459402241118e+01
  -5.01999999999996e-03  -1.41929221030871e+01
  -5.02999999999996e-03  -1.41400770570586e+01
  -5.03999999999996e-03  -1.40874052256442e+01
  -5.04999999999996e-03  -1.40349067359196e+01
  -5.05999999999996e-03  -1.39825817025894e+01
  -5.06999999999996e-03  -1.39304302281576e+01
  -5.07999999999996e-03  -1.38784524030965e+01
  -5.08999999999996e-03  -1.38266483060150e+01
  -5.09999999999996e-03  -1.37750180038249e+01
  -5.10999999999996e-03  -1.37235615519070e+01
  -5.11999999999996e-03  -1.36722789942752e+01
  -5.12999999999996e-03  -1.36211703637399e+01
  -5.13999999999996e-03  -1.35702356820699e+01
  -5.14999999999996e-03  -1.35194749601533e+01
  -5.15999999999996e-03  -1.34688881981569e+01
  -5.16999999999996e-03  -1.34184753856847e+01
  -5.17999999999996e-03  -1.33682365019350e+01
  -5.18999999999996e-03  -1.33181715158560e+01
  -5.19999999999996e-03  -1.32682803863009e+01
  -5.20999999999996e-03  -1.32185630621805e+01
  -5.21999999999996e-03  -1.31690194826161e+01
  -5.22999999999996e-03  -1.31196495770898e+01
  -5.23999999999995e-03  -1.30704532655941e+01
  -5.24999999999995e-03  -1.30214304587803e+01
  -5.25999999999995e-03  -1.29725810581055e+01
  -5.26999999999995e-03  -1.29239049559782e+01
  -5.27999999999995e-03  -1.28754020359027e+01
  -5.28999999999995e-03  -1.28270721726226e+01
  -5.29999999999995e-03  -1.27789152322623e+01
  -5.30999999999995e-03  -1.27309310724675e+01
  -5.31999999999995e-03  -1.26831195425449e+01
  -5.32999999999995e-03  -1.26354804836000e+01
  -5.33999999999995e-03  -1.25880137286735e+01
  -5.34999999999995e-03  -1.25407191028775e+01
  -5.35999999999995e-03  -1.24935964235286e+01
  -5.36999999999995e-03  -1.24466455002818e+01
  -5.37999999999995e-03  -1.23998661352612e+01
  -5.38999999999995e-03  -1.23532581231909e+01
  -5.39999999999995e-03  -1.23068212515234e+01
  -5.40999999999995e-03  -1.22605553005680e+01
  -5.41999999999995e-03  -1.22144600436166e+01
  -5.42999999999995e-03  -1.21685352470692e+01
  -5.43999999999995e-03  -1.21227806705578e+01
  -5.44999999999995e-03  -1.20771960670687e+01
  -5.45999999999995e-03  -1.20317811830642e+01
  -5.46999999999995e-03  -1.19865357586025e+01
  -5.47999999999994e-03  -1.19414595274563e+01
  -5.48999999999994e-03  -1.18965522172309e+01
  -5.49999999999994e-03  -1.18518135494799e+01
  -5.50999999999994e-03  -1.18072432398206e+01
  -5.51999999999994e-03  -1.17628409980477e+01
  -5.52999999999994e-03  -1.17186065282460e+01
  -5.53999999999994e-03  -1.16745395289013e+01
  -5.54999999999994e-03  -1.16306396930111e+01
  -5.55999999999994e-03  -1.15869067081931e+01
  -5.56999999999994e-03  -1.15433402567928e+01
  -5.57999999999994e-03  -1.14999400159901e+01
  -5.58999999999994e-03  -1.14567056579045e+01
  -5.59999999999994e-03  -1.14136368496990e+01
  -5.60999999999994e-03  -1.13707332536833e+01
  -5.61999999999994e-03  -1.13279945274148e+01
  -5.62999999999994e-03  -1.12854203237996e+01
  -5.63999999999994e-03  -1.12430102911916e+01
  -5.64999999999994e-03  -1.12007640734906e+01
  -5.65999999999994e-03  -1.11586813102389e+01
  -5.66999999999994e-03  -1.11167616367179e+01
  -5.67999999999994e-03  -1.10750046840418e+01
  -5.68999999999994e-03  -1.10334100792518e+01
  -5.69999999999994e-03  -1.09919774454078e+01
  -5.70999999999994e-03  -1.09507064016802e+01
  -5.71999999999994e-03  -1.09095965634398e+01
  -5.72999999999993e-03  -1.08686475423465e+01
  -5.73999999999993e-03  -1.08278589464375e+01
  -5.74999999999993e-03  -1.07872303802140e+01
  -5.75999999999993e-03  -1.07467614447266e+01
  -5.76999999999993e-03  -1.07064517376604e+01
  -5.77999999999993e-03  -1.06663008534181e+01
  -5.78999999999993e-03  -1.06263083832025e+01
  -5.79999999999993e-03  -1.05864739150979e+01
  -5.80999999999993e-03  -1.05467970341507e+01
  -5.81999999999993e-03  -1.05072773224481e+01
  -5.82999999999993e-03  -1.04679143591970e+01
  -5.83999999999993e-03  -1.04287077208007e+01
  -5.84999999999993e-03  -1.03896569809352e+01
  -5.85999999999993e-03  -1.03507617106247e+01
  -5.86999999999993e-03  -1.03120214783153e+01
  -5.87999999999993e-03  -1.02734358499484e+01
  -5.88999999999993e-03  -1.02350043890331e+01
  -5.89999999999993e-03  -1.01967266567167e+01
  -5.90999999999993e-03  -1.01586022118560e+01
  -5.91999999999993e-03  -1.01206306110854e+01
  -5.92999999999993e-03  -1.00828114088861e+01
  -5.93999999999993e-03  -1.00451441576529e+01
  -5.94999999999993e-03  -1.00076284077611e+01
  -5.95999999999993e-03  -9.97026370763147e+00
  -5.96999999999993e-03  -9.93304960379524e+00
  -5.97999999999992e-03  -9.89598564095751e+00
  -5.98999999999992e-03  -9.85907136206009e+00
  -5.99999999999992e-03  -9.82230630834332e+00
