0.000	0.000	7.4793E-01
0.000	0.250	7.4620E-01
0.000	0.500	7.4287E-01
0.250	0.000	6.0675E-01
0.250	0.250	6.0882E-01
0.250	0.500	6.0318E-01
0.500	0.000	4.0361E-01
0.500	0.250	4.1718E-01
0.500	0.500	4.0757E-01
0.500	0.000	3.8449E-01
0.500	0.250	3.7926E-01
0.500	0.500	3.7204E-01
0.750	0.000	1.0172E-01
0.750	0.250	9.1611E-02
0.750	0.500	4.4840E-02
1.000	0.000	2.4623E-03
1.000	0.250	1.1102E-16
1.000	0.500	5.2648E-03
0.000	0.500	1.1102E-16
0.000	0.750	1.1102E-16
0.000	1.000	1.1102E-16
0.250	0.500	1.1102E-16
0.250	0.750	1.1102E-16
0.250	1.000	1.1102E-16
0.500	0.500	1.1102E-16
0.500	0.750	1.1102E-16
0.500	1.000	1.1102E-16
0.500	0.500	1.1102E-16
0.500	0.750	1.1102E-16
0.500	1.000	1.1102E-16
0.750	0.500	1.1102E-16
0.750	0.750	1.1102E-16
0.750	1.000	1.1102E-16
1.000	0.500	1.1102E-16
1.000	0.750	1.1102E-16
1.000	1.000	1.1102E-16