0.000	0.000	7.2058E-01
0.000	0.125	7.2076E-01
0.000	0.250	7.2036E-01
0.125	0.000	6.6206E-01
0.125	0.125	6.6243E-01
0.125	0.250	6.6206E-01
0.250	0.000	5.9101E-01
0.250	0.125	5.9165E-01
0.250	0.250	5.9137E-01
0.250	0.000	5.9237E-01
0.250	0.125	5.9228E-01
0.250	0.250	5.9009E-01
0.375	0.000	5.0499E-01
0.375	0.125	5.0593E-01
0.375	0.250	5.0384E-01
0.500	0.000	4.0383E-01
0.500	0.125	4.0683E-01
0.500	0.250	4.0523E-01
0.500	0.000	4.0423E-01
0.500	0.125	4.0380E-01
0.500	0.250	3.9752E-01
0.625	0.000	2.8643E-01
0.625	0.125	2.8738E-01
0.625	0.250	2.8020E-01
0.750	0.000	1.5756E-01
0.750	0.125	1.6028E-01
0.750	0.250	1.5228E-01
0.750	0.000	1.2691E-01
0.750	0.125	1.2432E-01
0.750	0.250	1.2733E-01
0.875	0.000	5.4054E-03
0.875	0.125	8.6819E-05
0.875	0.250	2.6729E-05
1.000	0.000	2.9976E-15
1.000	0.125	2.3648E-14
1.000	0.250	2.3224E-05
0.000	0.250	1.1102E-16
0.000	0.375	1.1102E-16
0.000	0.500	1.1102E-16
0.125	0.250	1.1102E-16
0.125	0.375	1.1102E-16
0.125	0.500	1.1102E-16
0.250	0.250	1.1102E-16
0.250	0.375	1.1102E-16
0.250	0.500	1.1102E-16
0.250	0.250	1.1102E-16
0.250	0.375	1.1102E-16
0.250	0.500	1.1102E-16
0.375	0.250	1.1102E-16
0.375	0.375	1.1102E-16
0.375	0.500	1.1102E-16
0.500	0.250	1.1102E-16
0.500	0.375	1.1102E-16
0.500	0.500	1.1102E-16
0.500	0.250	1.1102E-16
0.500	0.375	1.1102E-16
0.500	0.500	1.1102E-16
0.625	0.250	1.1102E-16
0.625	0.375	1.1102E-16
0.625	0.500	1.1102E-16
0.750	0.250	1.1102E-16
0.750	0.375	1.1102E-16
0.750	0.500	1.1102E-16
0.750	0.250	1.1102E-16
0.750	0.375	1.1102E-16
0.750	0.500	1.1102E-16
0.875	0.250	1.1102E-16
0.875	0.375	1.1102E-16
0.875	0.500	1.1102E-16
1.000	0.250	1.1102E-16
1.000	0.375	1.1102E-16
1.000	0.500	1.1102E-16
0.000	0.500	1.1102E-16
0.000	0.625	1.1102E-16
0.000	0.750	1.1102E-16
0.125	0.500	1.1102E-16
0.125	0.625	1.1102E-16
0.125	0.750	1.1102E-16
0.250	0.500	1.1102E-16
0.250	0.625	1.1102E-16
0.250	0.750	1.1102E-16
0.250	0.500	1.1102E-16
0.250	0.625	1.1102E-16
0.250	0.750	1.1102E-16
0.375	0.500	1.1102E-16
0.375	0.625	1.1102E-16
0.375	0.750	1.1102E-16
0.500	0.500	1.1102E-16
0.500	0.625	1.1102E-16
0.500	0.750	1.1102E-16
0.500	0.500	1.1102E-16
0.500	0.625	1.1102E-16
0.500	0.750	1.1102E-16
0.625	0.500	1.1102E-16
0.625	0.625	1.1102E-16
0.625	0.750	1.1102E-16
0.750	0.500	1.1102E-16
0.750	0.625	1.1102E-16
0.750	0.750	1.1102E-16
0.750	0.500	1.1102E-16
0.750	0.625	1.1102E-16
0.750	0.750	1.1102E-16
0.875	0.500	1.1102E-16
0.875	0.625	1.1102E-16
0.875	0.750	1.1102E-16
1.000	0.500	1.1102E-16
1.000	0.625	1.1102E-16
1.000	0.750	1.1102E-16
0.000	0.750	1.1102E-16
0.000	0.875	1.1102E-16
0.000	1.000	1.1102E-16
0.125	0.750	1.1102E-16
0.125	0.875	1.1102E-16
0.125	1.000	1.1102E-16
0.250	0.750	1.1102E-16
0.250	0.875	1.1102E-16
0.250	1.000	1.1102E-16
0.250	0.750	1.1102E-16
0.250	0.875	1.1102E-16
0.250	1.000	1.1102E-16
0.375	0.750	1.1102E-16
0.375	0.875	1.1102E-16
0.375	1.000	1.1102E-16
0.500	0.750	1.1102E-16
0.500	0.875	1.1102E-16
0.500	1.000	1.1102E-16
0.500	0.750	1.1102E-16
0.500	0.875	1.1102E-16
0.500	1.000	1.1102E-16
0.625	0.750	1.1102E-16
0.625	0.875	1.1102E-16
0.625	1.000	1.1102E-16
0.750	0.750	1.1102E-16
0.750	0.875	1.1102E-16
0.750	1.000	1.1102E-16
0.750	0.750	1.1102E-16
0.750	0.875	1.1102E-16
0.750	1.000	1.1102E-16
0.875	0.750	1.1102E-16
0.875	0.875	1.1102E-16
0.875	1.000	1.1102E-16
1.000	0.750	1.1102E-16
1.000	0.875	1.1102E-16
1.000	1.000	1.1102E-16