0.00E+00	0.0000
2.00E-05	0.1111
4.00E-05	0.2222
6.00E-05	0.3333
8.00E-05	0.4444
1.00E-04	0.5556
1.20E-04	0.6667
1.40E-04	0.7778
1.60E-04	0.8889
1.80E-04	1.0000
2.00E-04	1.1111
2.20E-04	1.2109
2.40E-04	1.2604
2.60E-04	1.3039
2.80E-04	1.3486
3.00E-04	1.3912
3.20E-04	1.4332
3.40E-04	1.4747
3.60E-04	1.5159
3.80E-04	1.5569
4.00E-04	1.5976
4.20E-04	1.6381
4.40E-04	1.6783
4.60E-04	1.7184
4.80E-04	1.7584
5.00E-04	1.7983
5.20E-04	1.8382
5.40E-04	1.8780
5.60E-04	1.9178
5.80E-04	1.9576
6.00E-04	1.9974
6.20E-04	2.0266
6.40E-04	2.0307
6.60E-04	2.0307
6.80E-04	2.0297
7.00E-04	2.0302
7.20E-04	2.0294
7.40E-04	2.0222
7.60E-04	2.0157
7.80E-04	2.0094
8.00E-04	2.0021
8.20E-04	1.9943
8.40E-04	1.9862
8.60E-04	1.9778
8.80E-04	1.9694
9.00E-04	1.9569
9.20E-04	1.9466
9.40E-04	1.9338
9.60E-04	1.9215
9.80E-04	1.9085
1.00E-03	1.8960
1.02E-03	1.8836
1.04E-03	1.8713
1.06E-03	1.8589
1.08E-03	1.8465
1.10E-03	1.8341
1.12E-03	1.8215
1.14E-03	1.8090
1.16E-03	1.7964
1.18E-03	1.7838
1.20E-03	1.7711
1.22E-03	1.7584
1.24E-03	1.7457
1.26E-03	1.7330
1.28E-03	1.7202
1.30E-03	1.7074
1.32E-03	1.6946
1.34E-03	1.6817
1.36E-03	1.6689
1.38E-03	1.6560
1.40E-03	1.6431
1.42E-03	1.6302
1.44E-03	1.6172
1.46E-03	1.6042
1.48E-03	1.5912
1.50E-03	1.5782
1.52E-03	1.5652
1.54E-03	1.5521
1.56E-03	1.5390
1.58E-03	1.5259
1.60E-03	1.5130
1.62E-03	1.5001
1.64E-03	1.4872
1.66E-03	1.4744
1.68E-03	1.4615
1.70E-03	1.4486
1.72E-03	1.4356
1.74E-03	1.4227
1.76E-03	1.4097
1.78E-03	1.3967
1.80E-03	1.3837
1.82E-03	1.3705
1.84E-03	1.3573
1.86E-03	1.3441
1.88E-03	1.3308
1.90E-03	1.3173
1.92E-03	1.3039
1.94E-03	1.2903
1.96E-03	1.2766
1.98E-03	1.2629
2.00E-03	1.2486
