0.00E+00	0.0000
2.00E-05	0.1346
4.00E-05	0.2692
6.00E-05	0.4038
8.00E-05	0.5385
1.00E-04	0.6731
1.20E-04	0.8077
1.40E-04	0.9423
1.60E-04	1.0769
1.80E-04	1.2115
2.00E-04	1.3462
2.20E-04	1.4808
2.40E-04	1.6154
2.60E-04	1.7158
2.80E-04	1.7927
3.00E-04	1.8653
3.20E-04	1.9432
3.40E-04	2.0201
3.60E-04	2.0966
3.80E-04	2.1429
4.00E-04	2.1762
4.20E-04	2.1989
4.40E-04	2.2244
4.60E-04	2.2477
4.80E-04	2.2625
5.00E-04	2.2541
5.20E-04	2.2470
5.40E-04	2.2399
5.60E-04	2.2322
5.80E-04	2.2238
6.00E-04	2.2147
6.20E-04	2.2050
6.40E-04	2.1946
6.60E-04	2.1837
6.80E-04	2.1722
7.00E-04	2.1603
7.20E-04	2.1478
7.40E-04	2.1349
7.60E-04	2.1215
7.80E-04	2.1078
8.00E-04	2.0937
8.20E-04	2.0793
8.40E-04	2.0645
8.60E-04	2.0495
8.80E-04	2.0342
9.00E-04	2.0187
9.20E-04	2.0030
9.40E-04	1.9872
9.60E-04	1.9711
9.80E-04	1.9550
1.00E-03	1.9388
1.02E-03	1.9225
1.04E-03	1.9061
1.06E-03	1.8898
1.08E-03	1.8735
1.10E-03	1.8572
1.12E-03	1.8409
1.14E-03	1.8247
1.16E-03	1.8087
1.18E-03	1.7928
1.20E-03	1.7770
1.22E-03	1.7614
1.24E-03	1.7460
1.26E-03	1.7308
1.28E-03	1.7158
1.30E-03	1.7011
1.32E-03	1.6866
1.34E-03	1.6724
1.36E-03	1.6585
1.38E-03	1.6449
1.40E-03	1.6316
1.42E-03	1.6186
1.44E-03	1.6058
1.46E-03	1.5935
1.48E-03	1.5814
1.50E-03	1.5696
1.52E-03	1.5582
1.54E-03	1.5471
1.56E-03	1.5363
1.58E-03	1.5258
1.60E-03	1.5156
1.62E-03	1.5057
1.64E-03	1.4961
1.66E-03	1.4868
1.68E-03	1.4778
1.70E-03	1.4691
1.72E-03	1.4606
1.74E-03	1.4524
1.76E-03	1.4445
1.78E-03	1.4368
1.80E-03	1.4293
1.82E-03	1.4221
1.84E-03	1.4151
1.86E-03	1.4084
1.88E-03	1.4018
1.90E-03	1.3955
1.92E-03	1.3893
1.94E-03	1.3833
1.96E-03	1.3775
1.98E-03	1.3719
2.00E-03	1.3665
