0.00E+00	0.0000
2.00E-05	0.1111
4.00E-05	0.2222
6.00E-05	0.3333
8.00E-05	0.4444
1.00E-04	0.5556
1.20E-04	0.6667
1.40E-04	0.7778
1.60E-04	0.8889
1.80E-04	1.0000
2.00E-04	1.1111
2.20E-04	1.2222
2.40E-04	1.3333
2.60E-04	1.4444
2.80E-04	1.5018
3.00E-04	1.5392
3.20E-04	1.5733
3.40E-04	1.6093
3.60E-04	1.6439
3.80E-04	1.6780
4.00E-04	1.7119
4.20E-04	1.7455
4.40E-04	1.7791
4.60E-04	1.8124
4.80E-04	1.8457
5.00E-04	1.8788
5.20E-04	1.9118
5.40E-04	1.9448
5.60E-04	1.9776
5.80E-04	1.9909
6.00E-04	1.9890
6.20E-04	1.9807
6.40E-04	1.9695
6.60E-04	1.9617
6.80E-04	1.9523
7.00E-04	1.9418
7.20E-04	1.9304
7.40E-04	1.9185
7.60E-04	1.9060
7.80E-04	1.8929
8.00E-04	1.8792
8.20E-04	1.8624
8.40E-04	1.8463
8.60E-04	1.8291
8.80E-04	1.8118
9.00E-04	1.7943
9.20E-04	1.7766
9.40E-04	1.7586
9.60E-04	1.7404
9.80E-04	1.7219
1.00E-03	1.7031
1.02E-03	1.6841
1.04E-03	1.6649
1.06E-03	1.6454
1.08E-03	1.6257
1.10E-03	1.6059
1.12E-03	1.5858
1.14E-03	1.5655
1.16E-03	1.5457
1.18E-03	1.5258
1.20E-03	1.5057
1.22E-03	1.4856
1.24E-03	1.4654
1.26E-03	1.4452
1.28E-03	1.4249
1.30E-03	1.4045
1.32E-03	1.3841
1.34E-03	1.3637
1.36E-03	1.3433
1.38E-03	1.3228
1.40E-03	1.3023
1.42E-03	1.2818
1.44E-03	1.2613
1.46E-03	1.2409
1.48E-03	1.2204
1.50E-03	1.1999
1.52E-03	1.1794
1.54E-03	1.1589
1.56E-03	1.1384
1.58E-03	1.1179
1.60E-03	1.0974
1.62E-03	1.0768
1.64E-03	1.0562
1.66E-03	1.0356
1.68E-03	1.0145
1.70E-03	0.9942
1.72E-03	0.9738
1.74E-03	0.9533
1.76E-03	0.9328
1.78E-03	0.9123
1.80E-03	0.8927
1.82E-03	0.8735
1.84E-03	0.8531
1.86E-03	0.8328
1.88E-03	0.8129
1.90E-03	0.7946
1.92E-03	0.7763
1.94E-03	0.7580
1.96E-03	0.7397
1.98E-03	0.7215
2.00E-03	0.7032
