0.00E+00	0.0000
2.00E-05	0.1111
4.00E-05	0.2222
6.00E-05	0.3333
8.00E-05	0.4444
1.00E-04	0.5556
1.20E-04	0.6667
1.40E-04	0.7778
1.60E-04	0.8889
1.80E-04	1.0000
2.00E-04	1.1111
2.20E-04	1.2093
2.40E-04	1.2508
2.60E-04	1.2859
2.80E-04	1.3198
3.00E-04	1.3506
3.20E-04	1.3747
3.40E-04	1.4036
3.60E-04	1.4319
3.80E-04	1.4596
4.00E-04	1.4869
4.20E-04	1.5139
4.40E-04	1.5405
4.60E-04	1.5669
4.80E-04	1.5931
5.00E-04	1.6192
5.20E-04	1.6452
5.40E-04	1.6712
5.60E-04	1.6972
5.80E-04	1.7232
6.00E-04	1.7493
6.20E-04	1.7642
6.40E-04	1.7642
6.60E-04	1.7623
6.80E-04	1.7505
7.00E-04	1.7374
7.20E-04	1.7242
7.40E-04	1.7111
7.60E-04	1.6980
7.80E-04	1.6849
8.00E-04	1.6720
8.20E-04	1.6592
8.40E-04	1.6464
8.60E-04	1.6337
8.80E-04	1.6211
9.00E-04	1.6086
9.20E-04	1.5962
9.40E-04	1.5838
9.60E-04	1.5715
9.80E-04	1.5593
1.00E-03	1.5472
1.02E-03	1.5351
1.04E-03	1.5231
1.06E-03	1.5111
1.08E-03	1.4995
1.10E-03	1.4880
1.12E-03	1.4766
1.14E-03	1.4652
1.16E-03	1.4539
1.18E-03	1.4427
1.20E-03	1.4316
1.22E-03	1.4206
1.24E-03	1.4096
1.26E-03	1.3987
1.28E-03	1.3878
1.30E-03	1.3770
1.32E-03	1.3663
1.34E-03	1.3556
1.36E-03	1.3449
1.38E-03	1.3342
1.40E-03	1.3236
1.42E-03	1.3130
1.44E-03	1.3024
1.46E-03	1.2918
1.48E-03	1.2812
1.50E-03	1.2705
1.52E-03	1.2598
1.54E-03	1.2490
1.56E-03	1.2382
1.58E-03	1.2275
1.60E-03	1.2165
1.62E-03	1.2056
1.64E-03	1.1947
1.66E-03	1.1836
1.68E-03	1.1725
1.70E-03	1.1614
1.72E-03	1.1501
1.74E-03	1.1387
1.76E-03	1.1272
1.78E-03	1.1155
1.80E-03	1.1037
1.82E-03	1.0918
1.84E-03	1.0797
1.86E-03	1.0674
1.88E-03	1.0549
1.90E-03	1.0421
1.92E-03	1.0292
1.94E-03	1.0161
1.96E-03	1.0027
1.98E-03	0.9890
2.00E-03	0.9751
