0.00E+00	0.0000
2.00E-05	0.1049
4.00E-05	0.2097
6.00E-05	0.3146
8.00E-05	0.4194
1.00E-04	0.5243
1.20E-04	0.6291
1.40E-04	0.7340
1.60E-04	0.8388
1.80E-04	0.9437
2.00E-04	1.0401
2.20E-04	1.1222
2.40E-04	1.1780
2.60E-04	1.2265
2.80E-04	1.2783
3.00E-04	1.3281
3.20E-04	1.3747
3.40E-04	1.4103
3.60E-04	1.4443
3.80E-04	1.4781
4.00E-04	1.5126
4.20E-04	1.5412
4.40E-04	1.5597
4.60E-04	1.5766
4.80E-04	1.5846
5.00E-04	1.5924
5.20E-04	1.5971
5.40E-04	1.6034
5.60E-04	1.6089
5.80E-04	1.6139
6.00E-04	1.6186
6.20E-04	1.6231
6.40E-04	1.6275
6.60E-04	1.6317
6.80E-04	1.6358
7.00E-04	1.6398
7.20E-04	1.6437
7.40E-04	1.6451
7.60E-04	1.6399
7.80E-04	1.6304
8.00E-04	1.6233
8.20E-04	1.6131
8.40E-04	1.6032
8.60E-04	1.5868
8.80E-04	1.5729
9.00E-04	1.5587
9.20E-04	1.5443
9.40E-04	1.5297
9.60E-04	1.5149
9.80E-04	1.5000
1.00E-03	1.4849
1.02E-03	1.4697
1.04E-03	1.4544
1.06E-03	1.4390
1.08E-03	1.4235
1.10E-03	1.4079
1.12E-03	1.3924
1.14E-03	1.3773
1.16E-03	1.3622
1.18E-03	1.3471
1.20E-03	1.3320
1.22E-03	1.3170
1.24E-03	1.3032
1.26E-03	1.2883
1.28E-03	1.2734
1.30E-03	1.2587
1.32E-03	1.2440
1.34E-03	1.2294
1.36E-03	1.2149
1.38E-03	1.2006
1.40E-03	1.1863
1.42E-03	1.1722
1.44E-03	1.1582
1.46E-03	1.1443
1.48E-03	1.1305
1.50E-03	1.1169
1.52E-03	1.1035
1.54E-03	1.0902
1.56E-03	1.0770
1.58E-03	1.0640
1.60E-03	1.0512
1.62E-03	1.0385
1.64E-03	1.0260
1.66E-03	1.0137
1.68E-03	1.0015
1.70E-03	0.9895
1.72E-03	0.9777
1.74E-03	0.9661
1.76E-03	0.9546
1.78E-03	0.9433
1.80E-03	0.9322
1.82E-03	0.9212
1.84E-03	0.9105
1.86E-03	0.8999
1.88E-03	0.8894
1.90E-03	0.8792
1.92E-03	0.8691
1.94E-03	0.8593
1.96E-03	0.8495
1.98E-03	0.8400
2.00E-03	0.8306
