0.00E+00	0.0000
2.00E-05	0.0935
4.00E-05	0.1869
6.00E-05	0.2804
8.00E-05	0.3739
1.00E-04	0.4674
1.20E-04	0.5608
1.40E-04	0.6543
1.60E-04	0.7478
1.80E-04	0.8306
2.00E-04	0.9023
2.20E-04	0.9734
2.40E-04	1.0443
2.60E-04	1.1151
2.80E-04	1.1858
3.00E-04	1.2565
3.20E-04	1.3025
3.40E-04	1.3327
3.60E-04	1.3552
3.80E-04	1.3745
4.00E-04	1.3933
4.20E-04	1.4115
4.40E-04	1.4294
4.60E-04	1.4427
4.80E-04	1.4553
5.00E-04	1.4621
5.20E-04	1.4639
5.40E-04	1.4617
5.60E-04	1.4584
5.80E-04	1.4548
6.00E-04	1.4507
6.20E-04	1.4463
6.40E-04	1.4416
6.60E-04	1.4366
6.80E-04	1.4313
7.00E-04	1.4258
7.20E-04	1.4202
7.40E-04	1.4143
7.60E-04	1.4083
7.80E-04	1.4022
8.00E-04	1.3959
8.20E-04	1.3896
8.40E-04	1.3831
8.60E-04	1.3766
8.80E-04	1.3700
9.00E-04	1.3634
9.20E-04	1.3567
9.40E-04	1.3500
9.60E-04	1.3433
9.80E-04	1.3366
1.00E-03	1.3299
1.02E-03	1.3232
1.04E-03	1.3165
1.06E-03	1.3099
1.08E-03	1.3033
1.10E-03	1.2968
1.12E-03	1.2902
1.14E-03	1.2834
1.16E-03	1.2766
1.18E-03	1.2695
1.20E-03	1.2626
1.22E-03	1.2557
1.24E-03	1.2490
1.26E-03	1.2423
1.28E-03	1.2358
1.30E-03	1.2290
1.32E-03	1.2203
1.34E-03	1.2108
1.36E-03	1.2009
1.38E-03	1.1912
1.40E-03	1.1815
1.42E-03	1.1720
1.44E-03	1.1625
1.46E-03	1.1532
1.48E-03	1.1439
1.50E-03	1.1348
1.52E-03	1.1253
1.54E-03	1.1154
1.56E-03	1.1056
1.58E-03	1.0960
1.60E-03	1.0864
1.62E-03	1.0769
1.64E-03	1.0675
1.66E-03	1.0582
1.68E-03	1.0489
1.70E-03	1.0397
1.72E-03	1.0306
1.74E-03	1.0216
1.76E-03	1.0126
1.78E-03	1.0037
1.80E-03	0.9949
1.82E-03	0.9861
1.84E-03	0.9774
1.86E-03	0.9687
1.88E-03	0.9601
1.90E-03	0.9516
1.92E-03	0.9431
1.94E-03	0.9350
1.96E-03	0.9266
1.98E-03	0.9183
2.00E-03	0.9101
