0.00E+00	0.0000
2.00E-05	0.0930
4.00E-05	0.1861
6.00E-05	0.2791
8.00E-05	0.3722
1.00E-04	0.4652
1.20E-04	0.5583
1.40E-04	0.6513
1.60E-04	0.7444
1.80E-04	0.8374
2.00E-04	0.9252
2.20E-04	0.9904
2.40E-04	1.0541
2.60E-04	1.1181
2.80E-04	1.1816
3.00E-04	1.2414
3.20E-04	1.2806
3.40E-04	1.3102
3.60E-04	1.3375
3.80E-04	1.3646
4.00E-04	1.3914
4.20E-04	1.4187
4.40E-04	1.4338
4.60E-04	1.4450
4.80E-04	1.4550
5.00E-04	1.4658
5.20E-04	1.4754
5.40E-04	1.4846
5.60E-04	1.4905
5.80E-04	1.4938
6.00E-04	1.4933
6.20E-04	1.4887
6.40E-04	1.4830
6.60E-04	1.4770
6.80E-04	1.4708
7.00E-04	1.4643
7.20E-04	1.4577
7.40E-04	1.4508
7.60E-04	1.4439
7.80E-04	1.4368
8.00E-04	1.4295
8.20E-04	1.4222
8.40E-04	1.4148
8.60E-04	1.4073
8.80E-04	1.3997
9.00E-04	1.3921
9.20E-04	1.3844
9.40E-04	1.3767
9.60E-04	1.3690
9.80E-04	1.3612
1.00E-03	1.3535
1.02E-03	1.3457
1.04E-03	1.3380
1.06E-03	1.3302
1.08E-03	1.3225
1.10E-03	1.3148
1.12E-03	1.3071
1.14E-03	1.2995
1.16E-03	1.2909
1.18E-03	1.2794
1.20E-03	1.2673
1.22E-03	1.2545
1.24E-03	1.2418
1.26E-03	1.2290
1.28E-03	1.2163
1.30E-03	1.2036
1.32E-03	1.1913
1.34E-03	1.1787
1.36E-03	1.1661
1.38E-03	1.1535
1.40E-03	1.1410
1.42E-03	1.1277
1.44E-03	1.1145
1.46E-03	1.1026
1.48E-03	1.0899
1.50E-03	1.0773
1.52E-03	1.0648
1.54E-03	1.0524
1.56E-03	1.0400
1.58E-03	1.0278
1.60E-03	1.0156
1.62E-03	1.0035
1.64E-03	0.9914
1.66E-03	0.9795
1.68E-03	0.9673
1.70E-03	0.9558
1.72E-03	0.9440
1.74E-03	0.9323
1.76E-03	0.9207
1.78E-03	0.9093
1.80E-03	0.8980
1.82E-03	0.8867
1.84E-03	0.8756
1.86E-03	0.8645
1.88E-03	0.8535
1.90E-03	0.8426
1.92E-03	0.8318
1.94E-03	0.8211
1.96E-03	0.8105
1.98E-03	0.8000
2.00E-03	0.7896
