0.00E+00	0.0000
2.00E-05	0.0935
4.00E-05	0.1871
6.00E-05	0.2806
8.00E-05	0.3742
1.00E-04	0.4677
1.20E-04	0.5613
1.40E-04	0.6548
1.60E-04	0.7484
1.80E-04	0.8296
2.00E-04	0.8979
2.20E-04	0.9665
2.40E-04	1.0345
2.60E-04	1.1022
2.80E-04	1.1699
3.00E-04	1.2375
3.20E-04	1.2879
3.40E-04	1.3270
3.60E-04	1.3612
3.80E-04	1.3832
4.00E-04	1.4029
4.20E-04	1.4234
4.40E-04	1.4367
4.60E-04	1.4490
4.80E-04	1.4588
5.00E-04	1.4682
5.20E-04	1.4681
5.40E-04	1.4641
5.60E-04	1.4589
5.80E-04	1.4532
6.00E-04	1.4471
6.20E-04	1.4406
6.40E-04	1.4337
6.60E-04	1.4265
6.80E-04	1.4190
7.00E-04	1.4113
7.20E-04	1.4033
7.40E-04	1.3951
7.60E-04	1.3867
7.80E-04	1.3782
8.00E-04	1.3696
8.20E-04	1.3608
8.40E-04	1.3519
8.60E-04	1.3429
8.80E-04	1.3339
9.00E-04	1.3249
9.20E-04	1.3158
9.40E-04	1.3066
9.60E-04	1.2975
9.80E-04	1.2884
1.00E-03	1.2793
1.02E-03	1.2702
1.04E-03	1.2606
1.06E-03	1.2508
1.08E-03	1.2410
1.10E-03	1.2313
1.12E-03	1.2217
1.14E-03	1.2122
1.16E-03	1.2029
1.18E-03	1.1936
1.20E-03	1.1845
1.22E-03	1.1754
1.24E-03	1.1666
1.26E-03	1.1578
1.28E-03	1.1478
1.30E-03	1.1358
1.32E-03	1.1238
1.34E-03	1.1117
1.36E-03	1.0997
1.38E-03	1.0879
1.40E-03	1.0762
1.42E-03	1.0647
1.44E-03	1.0533
1.46E-03	1.0420
1.48E-03	1.0309
1.50E-03	1.0199
1.52E-03	1.0090
1.54E-03	0.9983
1.56E-03	0.9877
1.58E-03	0.9773
1.60E-03	0.9670
1.62E-03	0.9567
1.64E-03	0.9467
1.66E-03	0.9367
1.68E-03	0.9269
1.70E-03	0.9171
1.72E-03	0.9075
1.74E-03	0.8980
1.76E-03	0.8886
1.78E-03	0.8793
1.80E-03	0.8701
1.82E-03	0.8610
1.84E-03	0.8520
1.86E-03	0.8431
1.88E-03	0.8343
1.90E-03	0.8256
1.92E-03	0.8170
1.94E-03	0.8085
1.96E-03	0.8001
1.98E-03	0.7918
2.00E-03	0.7837
