0.00E+00	0.0000
2.00E-05	0.0897
4.00E-05	0.1794
6.00E-05	0.2691
8.00E-05	0.3588
1.00E-04	0.4485
1.20E-04	0.5382
1.40E-04	0.6279
1.60E-04	0.7102
1.80E-04	0.7915
2.00E-04	0.8728
2.20E-04	0.9441
2.40E-04	0.9964
2.60E-04	1.0536
2.80E-04	1.0944
3.00E-04	1.1366
3.20E-04	1.1789
3.40E-04	1.2182
3.60E-04	1.2501
3.80E-04	1.2729
4.00E-04	1.2955
4.20E-04	1.3158
4.40E-04	1.3301
4.60E-04	1.3426
4.80E-04	1.3539
5.00E-04	1.3636
5.20E-04	1.3725
5.40E-04	1.3801
5.60E-04	1.3870
5.80E-04	1.3935
6.00E-04	1.3997
6.20E-04	1.4002
6.40E-04	1.4012
6.60E-04	1.3994
6.80E-04	1.3981
7.00E-04	1.3951
7.20E-04	1.3925
7.40E-04	1.3889
7.60E-04	1.3847
7.80E-04	1.3801
8.00E-04	1.3725
8.20E-04	1.3663
8.40E-04	1.3597
8.60E-04	1.3531
8.80E-04	1.3458
9.00E-04	1.3381
9.20E-04	1.3297
9.40E-04	1.3184
9.60E-04	1.3070
9.80E-04	1.2974
1.00E-03	1.2869
1.02E-03	1.2759
1.04E-03	1.2645
1.06E-03	1.2529
1.08E-03	1.2411
1.10E-03	1.2293
1.12E-03	1.2147
1.14E-03	1.2026
1.16E-03	1.1904
1.18E-03	1.1781
1.20E-03	1.1658
1.22E-03	1.1534
1.24E-03	1.1411
1.26E-03	1.1288
1.28E-03	1.1165
1.30E-03	1.1042
1.32E-03	1.0920
1.34E-03	1.0798
1.36E-03	1.0676
1.38E-03	1.0555
1.40E-03	1.0434
1.42E-03	1.0314
1.44E-03	1.0195
1.46E-03	1.0075
1.48E-03	0.9956
1.50E-03	0.9831
1.52E-03	0.9713
1.54E-03	0.9597
1.56E-03	0.9483
1.58E-03	0.9369
1.60E-03	0.9257
1.62E-03	0.9146
1.64E-03	0.9037
1.66E-03	0.8928
1.68E-03	0.8821
1.70E-03	0.8716
1.72E-03	0.8611
1.74E-03	0.8508
1.76E-03	0.8407
1.78E-03	0.8307
1.80E-03	0.8208
1.82E-03	0.8111
1.84E-03	0.8015
1.86E-03	0.7920
1.88E-03	0.7823
1.90E-03	0.7731
1.92E-03	0.7640
1.94E-03	0.7550
1.96E-03	0.7462
1.98E-03	0.7374
2.00E-03	0.7288
