0.00E+00	0.0000
2.00E-05	0.0897
4.00E-05	0.1794
6.00E-05	0.2691
8.00E-05	0.3588
1.00E-04	0.4485
1.20E-04	0.5382
1.40E-04	0.6279
1.60E-04	0.7111
1.80E-04	0.7931
2.00E-04	0.8754
2.20E-04	0.9379
2.40E-04	0.9967
2.60E-04	1.0522
2.80E-04	1.0953
3.00E-04	1.1367
3.20E-04	1.1808
3.40E-04	1.2212
3.60E-04	1.2522
3.80E-04	1.2741
4.00E-04	1.2933
4.20E-04	1.3145
4.40E-04	1.3324
4.60E-04	1.3423
4.80E-04	1.3540
5.00E-04	1.3640
5.20E-04	1.3735
5.40E-04	1.3817
5.60E-04	1.3892
5.80E-04	1.3964
6.00E-04	1.4033
6.20E-04	1.4046
6.40E-04	1.4057
6.60E-04	1.4031
6.80E-04	1.3994
7.00E-04	1.3975
7.20E-04	1.3941
7.40E-04	1.3898
7.60E-04	1.3826
7.80E-04	1.3773
8.00E-04	1.3706
8.20E-04	1.3646
8.40E-04	1.3594
8.60E-04	1.3501
8.80E-04	1.3446
9.00E-04	1.3363
9.20E-04	1.3248
9.40E-04	1.3163
9.60E-04	1.3060
9.80E-04	1.2966
1.00E-03	1.2863
1.02E-03	1.2755
1.04E-03	1.2644
1.06E-03	1.2533
1.08E-03	1.2420
1.10E-03	1.2305
1.12E-03	1.2190
1.14E-03	1.2074
1.16E-03	1.1958
1.18E-03	1.1841
1.20E-03	1.1724
1.22E-03	1.1607
1.24E-03	1.1489
1.26E-03	1.1372
1.28E-03	1.1254
1.30E-03	1.1137
1.32E-03	1.1019
1.34E-03	1.0902
1.36E-03	1.0786
1.38E-03	1.0669
1.40E-03	1.0554
1.42E-03	1.0438
1.44E-03	1.0324
1.46E-03	1.0210
1.48E-03	1.0097
1.50E-03	0.9984
1.52E-03	0.9872
1.54E-03	0.9761
1.56E-03	0.9651
1.58E-03	0.9542
1.60E-03	0.9433
1.62E-03	0.9325
1.64E-03	0.9201
1.66E-03	0.9098
1.68E-03	0.8994
1.70E-03	0.8891
1.72E-03	0.8790
1.74E-03	0.8690
1.76E-03	0.8602
1.78E-03	0.8505
1.80E-03	0.8408
1.82E-03	0.8313
1.84E-03	0.8219
1.86E-03	0.8117
1.88E-03	0.8031
1.90E-03	0.7943
1.92E-03	0.7853
1.94E-03	0.7765
1.96E-03	0.7678
1.98E-03	0.7593
2.00E-03	0.7498
