0.00E+00	0.0000
2.00E-05	0.0896
4.00E-05	0.1793
6.00E-05	0.2689
8.00E-05	0.3586
1.00E-04	0.4482
1.20E-04	0.5379
1.40E-04	0.6275
1.60E-04	0.7154
1.80E-04	0.7942
2.00E-04	0.8727
2.20E-04	0.9341
2.40E-04	0.9957
2.60E-04	1.0512
2.80E-04	1.0989
3.00E-04	1.1421
3.20E-04	1.1790
3.40E-04	1.2183
3.60E-04	1.2460
3.80E-04	1.2697
4.00E-04	1.2933
4.20E-04	1.3134
4.40E-04	1.3282
4.60E-04	1.3448
4.80E-04	1.3606
5.00E-04	1.3670
5.20E-04	1.3738
5.40E-04	1.3827
5.60E-04	1.3894
5.80E-04	1.3953
6.00E-04	1.4007
6.20E-04	1.4000
6.40E-04	1.3994
6.60E-04	1.3972
6.80E-04	1.3968
7.00E-04	1.3948
7.20E-04	1.3920
7.40E-04	1.3887
7.60E-04	1.3816
7.80E-04	1.3761
8.00E-04	1.3699
8.20E-04	1.3646
8.40E-04	1.3581
8.60E-04	1.3511
8.80E-04	1.3438
9.00E-04	1.3361
9.20E-04	1.3283
9.40E-04	1.3204
9.60E-04	1.3122
9.80E-04	1.3012
1.00E-03	1.2925
1.02E-03	1.2835
1.04E-03	1.2723
1.06E-03	1.2638
1.08E-03	1.2526
1.10E-03	1.2414
1.12E-03	1.2313
1.14E-03	1.2201
1.16E-03	1.2088
1.18E-03	1.1973
1.20E-03	1.1857
1.22E-03	1.1742
1.24E-03	1.1626
1.26E-03	1.1510
1.28E-03	1.1393
1.30E-03	1.1277
1.32E-03	1.1161
1.34E-03	1.1046
1.36E-03	1.0930
1.38E-03	1.0815
1.40E-03	1.0700
1.42E-03	1.0586
1.44E-03	1.0472
1.46E-03	1.0359
1.48E-03	1.0247
1.50E-03	1.0135
1.52E-03	1.0024
1.54E-03	0.9913
1.56E-03	0.9804
1.58E-03	0.9695
1.60E-03	0.9587
1.62E-03	0.9481
1.64E-03	0.9375
1.66E-03	0.9254
1.68E-03	0.9162
1.70E-03	0.9061
1.72E-03	0.8959
1.74E-03	0.8859
1.76E-03	0.8745
1.78E-03	0.8648
1.80E-03	0.8540
1.82E-03	0.8451
1.84E-03	0.8353
1.86E-03	0.8261
1.88E-03	0.8166
1.90E-03	0.8072
1.92E-03	0.7979
1.94E-03	0.7887
1.96E-03	0.7797
1.98E-03	0.7707
2.00E-03	0.7619
