0.00E+00	0.0000
2.00E-05	0.0933
4.00E-05	0.1865
6.00E-05	0.2798
8.00E-05	0.3731
1.00E-04	0.4663
1.20E-04	0.5596
1.40E-04	0.6528
1.60E-04	0.7456
1.80E-04	0.8233
2.00E-04	0.8941
2.20E-04	0.9677
2.40E-04	1.0308
2.60E-04	1.0858
2.80E-04	1.1364
3.00E-04	1.1759
3.20E-04	1.2139
3.40E-04	1.2466
3.60E-04	1.2785
3.80E-04	1.3032
4.00E-04	1.3286
4.20E-04	1.3550
4.40E-04	1.3661
4.60E-04	1.3838
4.80E-04	1.3949
5.00E-04	1.4076
5.20E-04	1.4183
5.40E-04	1.4219
5.60E-04	1.4255
5.80E-04	1.4304
6.00E-04	1.4293
6.20E-04	1.4288
6.40E-04	1.4297
6.60E-04	1.4293
6.80E-04	1.4281
7.00E-04	1.4265
7.20E-04	1.4246
7.40E-04	1.4224
7.60E-04	1.4201
7.80E-04	1.4156
8.00E-04	1.4115
8.20E-04	1.4083
8.40E-04	1.4045
8.60E-04	1.3947
8.80E-04	1.3865
9.00E-04	1.3790
9.20E-04	1.3704
9.40E-04	1.3614
9.60E-04	1.3522
9.80E-04	1.3428
1.00E-03	1.3333
1.02E-03	1.3239
1.04E-03	1.3143
1.06E-03	1.3046
1.08E-03	1.2949
1.10E-03	1.2852
1.12E-03	1.2755
1.14E-03	1.2657
1.16E-03	1.2560
1.18E-03	1.2462
1.20E-03	1.2331
1.22E-03	1.2249
1.24E-03	1.2149
1.26E-03	1.2048
1.28E-03	1.1946
1.30E-03	1.1846
1.32E-03	1.1746
1.34E-03	1.1647
1.36E-03	1.1549
1.38E-03	1.1421
1.40E-03	1.1289
1.42E-03	1.1183
1.44E-03	1.1066
1.46E-03	1.0945
1.48E-03	1.0823
1.50E-03	1.0702
1.52E-03	1.0580
1.54E-03	1.0459
1.56E-03	1.0338
1.58E-03	1.0218
1.60E-03	1.0100
1.62E-03	0.9981
1.64E-03	0.9864
1.66E-03	0.9747
1.68E-03	0.9632
1.70E-03	0.9517
1.72E-03	0.9403
1.74E-03	0.9290
1.76E-03	0.9178
1.78E-03	0.9067
1.80E-03	0.8957
1.82E-03	0.8848
1.84E-03	0.8740
1.86E-03	0.8633
1.88E-03	0.8527
1.90E-03	0.8422
1.92E-03	0.8319
1.94E-03	0.8217
1.96E-03	0.8116
1.98E-03	0.8016
2.00E-03	0.7917
