0.00E+00	0.0000
2.00E-05	0.0889
4.00E-05	0.1778
6.00E-05	0.2667
8.00E-05	0.3556
1.00E-04	0.4445
1.20E-04	0.5334
1.40E-04	0.6199
1.60E-04	0.7057
1.80E-04	0.7803
2.00E-04	0.8511
2.20E-04	0.9196
2.40E-04	0.9738
2.60E-04	1.0259
2.80E-04	1.0771
3.00E-04	1.1135
3.20E-04	1.1528
3.40E-04	1.1842
3.60E-04	1.2200
3.80E-04	1.2425
4.00E-04	1.2610
4.20E-04	1.2824
4.40E-04	1.2993
4.60E-04	1.3189
4.80E-04	1.3336
5.00E-04	1.3373
5.20E-04	1.3487
5.40E-04	1.3578
5.60E-04	1.3609
5.80E-04	1.3648
6.00E-04	1.3703
6.20E-04	1.3737
6.40E-04	1.3759
6.60E-04	1.3703
6.80E-04	1.3699
7.00E-04	1.3684
7.20E-04	1.3671
7.40E-04	1.3647
7.60E-04	1.3572
7.80E-04	1.3546
8.00E-04	1.3484
8.20E-04	1.3427
8.40E-04	1.3371
8.60E-04	1.3308
8.80E-04	1.3239
9.00E-04	1.3166
9.20E-04	1.3090
9.40E-04	1.3010
9.60E-04	1.2889
9.80E-04	1.2789
1.00E-03	1.2705
1.02E-03	1.2607
1.04E-03	1.2531
1.06E-03	1.2436
1.08E-03	1.2305
1.10E-03	1.2222
1.12E-03	1.2116
1.14E-03	1.2008
1.16E-03	1.1876
1.18E-03	1.1780
1.20E-03	1.1672
1.22E-03	1.1562
1.24E-03	1.1452
1.26E-03	1.1341
1.28E-03	1.1231
1.30E-03	1.1120
1.32E-03	1.1010
1.34E-03	1.0900
1.36E-03	1.0790
1.38E-03	1.0681
1.40E-03	1.0572
1.42E-03	1.0463
1.44E-03	1.0355
1.46E-03	1.0247
1.48E-03	1.0122
1.50E-03	1.0026
1.52E-03	0.9919
1.54E-03	0.9813
1.56E-03	0.9706
1.58E-03	0.9601
1.60E-03	0.9495
1.62E-03	0.9390
1.64E-03	0.9286
1.66E-03	0.9182
1.68E-03	0.9079
1.70E-03	0.8977
1.72E-03	0.8875
1.74E-03	0.8774
1.76E-03	0.8673
1.78E-03	0.8574
1.80E-03	0.8475
1.82E-03	0.8377
1.84E-03	0.8279
1.86E-03	0.8182
1.88E-03	0.8087
1.90E-03	0.7992
1.92E-03	0.7897
1.94E-03	0.7804
1.96E-03	0.7711
1.98E-03	0.7619
2.00E-03	0.7529
