0.00E+00	0.0000
2.00E-05	0.0899
4.00E-05	0.1798
6.00E-05	0.2697
8.00E-05	0.3595
1.00E-04	0.4494
1.20E-04	0.5393
1.40E-04	0.6280
1.60E-04	0.7102
1.80E-04	0.7906
2.00E-04	0.8607
2.20E-04	0.9216
2.40E-04	0.9868
2.60E-04	1.0362
2.80E-04	1.0822
3.00E-04	1.1272
3.20E-04	1.1664
3.40E-04	1.1960
3.60E-04	1.2222
3.80E-04	1.2525
4.00E-04	1.2760
4.20E-04	1.2926
4.40E-04	1.3101
4.60E-04	1.3242
4.80E-04	1.3400
5.00E-04	1.3473
5.20E-04	1.3607
5.40E-04	1.3703
5.60E-04	1.3734
5.80E-04	1.3753
6.00E-04	1.3828
6.20E-04	1.3834
6.40E-04	1.3830
6.60E-04	1.3803
6.80E-04	1.3822
7.00E-04	1.3812
7.20E-04	1.3793
7.40E-04	1.3736
7.60E-04	1.3714
7.80E-04	1.3679
8.00E-04	1.3639
8.20E-04	1.3527
8.40E-04	1.3487
8.60E-04	1.3441
8.80E-04	1.3378
9.00E-04	1.3308
9.20E-04	1.3214
9.40E-04	1.3102
9.60E-04	1.3028
9.80E-04	1.2944
1.00E-03	1.2855
1.02E-03	1.2760
1.04E-03	1.2664
1.06E-03	1.2565
1.08E-03	1.2458
1.10E-03	1.2354
1.12E-03	1.2254
1.14E-03	1.2151
1.16E-03	1.2046
1.18E-03	1.1940
1.20E-03	1.1834
1.22E-03	1.1725
1.24E-03	1.1603
1.26E-03	1.1502
1.28E-03	1.1394
1.30E-03	1.1284
1.32E-03	1.1176
1.34E-03	1.1067
1.36E-03	1.0960
1.38E-03	1.0853
1.40E-03	1.0746
1.42E-03	1.0640
1.44E-03	1.0521
1.46E-03	1.0397
1.48E-03	1.0302
1.50E-03	1.0198
1.52E-03	1.0091
1.54E-03	0.9984
1.56E-03	0.9878
1.58E-03	0.9773
1.60E-03	0.9668
1.62E-03	0.9564
1.64E-03	0.9461
1.66E-03	0.9359
1.68E-03	0.9258
1.70E-03	0.9158
1.72E-03	0.9059
1.74E-03	0.8960
1.76E-03	0.8863
1.78E-03	0.8766
1.80E-03	0.8671
1.82E-03	0.8574
1.84E-03	0.8482
1.86E-03	0.8389
1.88E-03	0.8297
1.90E-03	0.8206
1.92E-03	0.8116
1.94E-03	0.8028
1.96E-03	0.7940
1.98E-03	0.7853
2.00E-03	0.7767
