-6.21E-01	-1.10E+00
1.03E+00	2.09E+01
1.86E+00	3.84E+01
2.69E+00	5.38E+01
4.76E+00	6.59E+01
5.17E+00	7.03E+01
6.41E+00	5.49E+01
6.83E+00	3.95E+01
4.35E+00	2.42E+01
2.28E+00	1.10E+01
-6.21E-01	-1.10E+00
-2.28E+00	-2.53E+01
-6.00E+00	-6.81E+01
-5.59E+00	-4.39E+01
-3.52E+00	-2.31E+01
-1.45E+00	-6.59E+00
2.07E-01	1.21E+01
2.69E+00	4.94E+01
5.59E+00	6.37E+01
6.00E+00	5.05E+01
5.59E+00	3.08E+01
2.69E+00	1.32E+01
2.07E-01	-3.29E+00
-1.86E+00	-2.64E+01
-2.69E+00	-4.72E+01
-5.17E+00	-5.82E+01
-5.59E+00	-6.37E+01
-6.41E+00	-4.94E+01
-3.52E+00	-2.86E+01
-1.03E+00	-1.10E+00
1.86E+00	2.97E+01
3.93E+00	5.05E+01
6.41E+00	7.14E+01
8.90E+00	8.57E+01
1.10E+01	9.55E+01
1.35E+01	1.05E+02
1.22E+01	8.79E+01
1.06E+01	6.81E+01
8.07E+00	5.49E+01
4.35E+00	4.39E+01
2.69E+00	2.97E+01
-2.07E-01	6.59E+00
-2.28E+00	-1.65E+01
-3.52E+00	-4.28E+01
-6.00E+00	-6.48E+01
-8.07E+00	-7.80E+01
-9.31E+00	-8.79E+01
-1.18E+01	-9.77E+01
-1.30E+01	-1.07E+02
-1.55E+01	-1.11E+02
-1.47E+01	-9.88E+01
-1.30E+01	-8.02E+01
-8.48E+00	-4.50E+01
-6.41E+00	-2.42E+01
-3.10E+00	-3.29E+00
1.86E+00	2.86E+01
6.83E+00	6.26E+01
1.06E+01	8.02E+01
1.35E+01	9.55E+01
1.22E+01	7.80E+01
8.90E+00	5.93E+01
6.41E+00	4.39E+01
4.76E+00	2.09E+01
1.86E+00	1.10E+00
-6.21E-01	-1.54E+01
-4.76E+00	-4.72E+01
-8.90E+00	-6.37E+01
-1.18E+01	-7.80E+01
-1.30E+01	-9.23E+01
-1.51E+01	-1.03E+02
-1.22E+01	-7.91E+01
-1.06E+01	-6.15E+01
-8.90E+00	-4.50E+01
-6.83E+00	-2.97E+01
-3.10E+00	-8.79E+00
2.07E-01	1.10E+01
3.52E+00	4.83E+01
9.31E+00	7.47E+01
1.30E+01	9.55E+01
1.63E+01	1.10E+02
1.97E+01	1.22E+02
2.26E+01	1.28E+02
2.13E+01	1.13E+02
2.05E+01	9.45E+01
1.80E+01	7.91E+01
1.39E+01	6.70E+01
1.06E+01	4.61E+01
7.24E+00	2.86E+01
3.93E+00	7.69E+00
-1.03E+00	-1.21E+01
-3.93E+00	-4.17E+01
-7.66E+00	-5.82E+01
-1.10E+01	-7.36E+01
-1.35E+01	-9.66E+01
-1.63E+01	-1.10E+02
-1.88E+01	-1.20E+02
-2.13E+01	-1.27E+02
-2.46E+01	-1.33E+02
-2.30E+01	-1.18E+02
-1.97E+01	-9.45E+01
-1.63E+01	-7.25E+01
-1.26E+01	-5.27E+01
-8.48E+00	-2.97E+01
-4.76E+00	-7.69E+00
2.07E-01	1.87E+01
4.76E+00	4.83E+01
9.31E+00	6.48E+01
1.47E+01	8.90E+01
1.80E+01	9.99E+01
2.01E+01	1.11E+02
2.34E+01	1.23E+02
2.05E+01	1.01E+02
1.97E+01	8.68E+01
1.51E+01	7.14E+01
1.14E+01	5.38E+01
7.66E+00	2.86E+01
-1.45E+00	-9.88E+00
-3.10E+00	-3.18E+01
-8.07E+00	-6.04E+01
-1.39E+01	-8.24E+01
-1.63E+01	-9.99E+01
-1.92E+01	-1.08E+02
-2.13E+01	-1.21E+02
-2.26E+01	-1.25E+02
-1.68E+01	-7.80E+01
-1.22E+01	-5.49E+01
-8.90E+00	-3.51E+01
-5.17E+00	-8.79E+00
6.21E-01	2.75E+01
8.48E+00	5.82E+01
1.63E+01	9.45E+01
2.05E+01	1.18E+02
2.42E+01	1.28E+02
2.75E+01	1.34E+02
2.92E+01	1.37E+02
3.21E+01	1.36E+02
3.08E+01	1.24E+02
2.83E+01	1.07E+02
2.42E+01	8.68E+01
2.21E+01	7.58E+01
1.88E+01	6.15E+01
1.59E+01	4.72E+01
1.06E+01	2.64E+01
7.24E+00	7.69E+00
4.35E+00	-1.10E+01
2.69E+00	-1.76E+01
6.21E-01	-2.31E+01
-3.93E+00	-4.39E+01
-1.18E+01	-7.25E+01
-1.30E+01	-8.90E+01
-1.76E+01	-1.12E+02
-2.21E+01	-1.27E+02
-2.42E+01	-1.31E+02
-2.79E+01	-1.36E+02
-3.08E+01	-1.37E+02
-3.33E+01	-1.37E+02
-3.12E+01	-1.23E+02
-2.88E+01	-1.03E+02
-2.46E+01	-8.24E+01
-2.13E+01	-6.37E+01
-1.76E+01	-4.72E+01
-1.35E+01	-2.97E+01
-9.73E+00	-1.21E+01
-6.83E+00	5.49E+00
-2.69E+00	1.65E+01
1.45E+00	3.29E+01
8.07E+00	5.27E+01
1.26E+01	7.14E+01
1.80E+01	8.79E+01
2.26E+01	1.07E+02
2.59E+01	1.19E+02
2.92E+01	1.27E+02
3.08E+01	1.33E+02
3.17E+01	1.11E+02
2.96E+01	9.23E+01
2.71E+01	8.02E+01
2.38E+01	6.70E+01
1.97E+01	5.38E+01
1.39E+01	2.42E+01
9.31E+00	5.49E+00
-3.93E+00	-3.95E+01
-1.30E+01	-7.25E+01
-1.92E+01	-8.79E+01
-2.38E+01	-9.88E+01
-2.83E+01	-1.10E+02
-3.08E+01	-1.13E+02
-3.04E+01	-9.88E+01
-2.63E+01	-7.47E+01
-2.30E+01	-5.60E+01
-1.88E+01	-4.06E+01
-1.47E+01	-2.53E+01
-1.18E+01	-9.88E+00
-7.66E+00	4.39E+00
-3.52E+00	1.43E+01
-2.07E-01	2.42E+01
3.10E+00	4.06E+01
1.06E+01	6.26E+01
1.59E+01	8.35E+01
2.05E+01	9.77E+01
2.50E+01	1.16E+02
2.96E+01	1.28E+02
3.46E+01	1.38E+02
4.08E+01	1.42E+02
4.49E+01	1.43E+02
4.86E+01	1.39E+02
4.74E+01	1.23E+02
4.41E+01	1.04E+02
3.99E+01	9.01E+01
3.75E+01	7.25E+01
3.12E+01	5.38E+01
2.55E+01	2.97E+01
1.92E+01	1.21E+01
1.47E+01	-3.29E+00
8.48E+00	-1.87E+01
2.28E+00	-3.18E+01
-2.28E+00	-4.39E+01
-7.66E+00	-6.04E+01
-1.47E+01	-8.13E+01
-2.05E+01	-1.01E+02
-2.63E+01	-1.19E+02
-3.04E+01	-1.31E+02
-3.54E+01	-1.41E+02
-4.24E+01	-1.47E+02
-4.78E+01	-1.48E+02
-5.03E+01	-1.46E+02
-4.99E+01	-1.31E+02
-4.57E+01	-1.15E+02
-4.12E+01	-9.66E+01
-3.66E+01	-7.36E+01
-3.17E+01	-5.38E+01
-2.71E+01	-3.62E+01
-2.26E+01	-1.87E+01
-1.63E+01	1.10E+00
-1.26E+01	1.32E+01
-5.17E+00	2.75E+01
2.69E+00	4.28E+01
2.34E+01	9.55E+01
2.83E+01	1.05E+02
3.41E+01	1.21E+02
3.91E+01	1.30E+02
4.24E+01	1.35E+02
4.95E+01	1.44E+02
4.78E+01	1.24E+02
4.41E+01	1.03E+02
4.04E+01	8.46E+01
3.37E+01	6.26E+01
3.00E+01	4.28E+01
2.46E+01	2.64E+01
1.88E+01	6.59E+00
1.22E+01	-1.10E+01
6.00E+00	-2.64E+01
-1.45E+00	-4.06E+01
-1.68E+01	-8.13E+01
-2.34E+01	-9.88E+01
-3.08E+01	-1.13E+02
-3.66E+01	-1.28E+02
-4.28E+01	-1.39E+02
-4.78E+01	-1.45E+02
-4.74E+01	-1.27E+02
-4.37E+01	-1.03E+02
-3.95E+01	-8.02E+01
-3.37E+01	-5.60E+01
-2.96E+01	-3.84E+01
-2.50E+01	-1.98E+01
-2.09E+01	-5.49E+00
-1.55E+01	6.59E+00
-7.66E+00	2.09E+01
1.03E+00	3.40E+01
6.00E+00	5.71E+01
2.01E+01	8.90E+01
2.59E+01	1.02E+02
3.21E+01	1.18E+02
3.83E+01	1.26E+02
4.37E+01	1.37E+02
4.99E+01	1.46E+02
5.61E+01	1.53E+02
6.23E+01	1.55E+02
6.64E+01	1.49E+02
6.27E+01	1.26E+02
5.86E+01	1.09E+02
5.57E+01	8.79E+01
4.99E+01	7.03E+01
4.37E+01	4.50E+01
3.79E+01	2.97E+01
3.08E+01	6.59E+00
2.34E+01	-7.69E+00
1.92E+01	-1.65E+01
1.51E+01	-2.31E+01
8.48E+00	-3.18E+01
2.28E+00	-4.28E+01
-6.41E+00	-5.71E+01
-1.63E+01	-8.02E+01
-2.21E+01	-9.66E+01
-3.08E+01	-1.14E+02
-3.99E+01	-1.32E+02
-4.57E+01	-1.42E+02
-5.28E+01	-1.50E+02
-6.06E+01	-1.52E+02
-6.56E+01	-1.52E+02
-6.48E+01	-1.35E+02
-6.10E+01	-1.15E+02
-5.81E+01	-9.99E+01
-5.48E+01	-8.02E+01
-5.07E+01	-6.48E+01
-4.41E+01	-4.61E+01
-3.83E+01	-2.75E+01
-3.25E+01	-1.10E+01
-2.71E+01	2.20E+00
-2.09E+01	1.54E+01
-1.30E+01	2.42E+01
-6.00E+00	3.40E+01
1.45E+00	4.39E+01
9.73E+00	5.93E+01
1.92E+01	7.47E+01
2.55E+01	9.55E+01
3.37E+01	1.11E+02
4.12E+01	1.24E+02
4.74E+01	1.33E+02
5.44E+01	1.42E+02
6.15E+01	1.52E+02
6.73E+01	1.56E+02
7.39E+01	1.59E+02
8.01E+01	1.60E+02
8.55E+01	1.60E+02
8.30E+01	1.44E+02
8.01E+01	1.26E+02
7.68E+01	1.12E+02
7.47E+01	9.88E+01
6.97E+01	8.46E+01
6.56E+01	6.59E+01
6.10E+01	4.94E+01
5.57E+01	3.62E+01
5.03E+01	1.76E+01
4.24E+01	-1.10E+00
3.21E+01	-1.43E+01
2.34E+01	-2.64E+01
1.51E+01	-3.62E+01
6.83E+00	-4.39E+01
-2.69E+00	-4.83E+01
-1.26E+01	-7.25E+01
-2.42E+01	-9.77E+01
-3.33E+01	-1.18E+02
-4.37E+01	-1.30E+02
-5.19E+01	-1.39E+02
-6.10E+01	-1.49E+02
-6.85E+01	-1.57E+02
-7.84E+01	-1.59E+02
-8.38E+01	-1.55E+02
-8.05E+01	-1.32E+02
-7.59E+01	-1.09E+02
-7.06E+01	-8.57E+01
-6.48E+01	-6.26E+01
-5.77E+01	-4.17E+01
-5.03E+01	-1.98E+01
-4.08E+01	-6.59E+00
-3.04E+01	6.59E+00
-2.09E+01	1.76E+01
-9.31E+00	2.75E+01
2.07E-01	3.84E+01
8.07E+00	5.60E+01
1.43E+01	7.25E+01
2.30E+01	9.01E+01
3.33E+01	1.07E+02
4.20E+01	1.16E+02
4.95E+01	1.24E+02
5.52E+01	1.34E+02
6.39E+01	1.39E+02
7.30E+01	1.43E+02
8.01E+01	1.44E+02
8.55E+01	1.41E+02
8.26E+01	1.24E+02
7.93E+01	1.05E+02
7.51E+01	8.68E+01
6.85E+01	6.37E+01
6.31E+01	4.39E+01
5.52E+01	2.64E+01
4.86E+01	7.69E+00
3.91E+01	-1.21E+01
2.83E+01	-2.31E+01
1.01E+01	-4.28E+01
-3.93E+00	-5.93E+01
-1.55E+01	-7.58E+01
-2.63E+01	-9.34E+01
-3.54E+01	-1.08E+02
-4.37E+01	-1.21E+02
-5.15E+01	-1.31E+02
-6.23E+01	-1.38E+02
-7.01E+01	-1.48E+02
-7.64E+01	-1.52E+02
-8.13E+01	-1.50E+02
-8.42E+01	-1.49E+02
-8.09E+01	-1.31E+02
-7.72E+01	-1.13E+02
-7.30E+01	-9.23E+01
-6.77E+01	-7.03E+01
-6.19E+01	-4.72E+01
-5.32E+01	-2.75E+01
-4.61E+01	-6.59E+00
-3.79E+01	5.49E+00
-3.04E+01	1.32E+01
-2.17E+01	2.42E+01
-1.35E+01	3.29E+01
1.03E+00	4.17E+01
