0.0000E+00	0.0000E+00
1.4441E-17	2.7285E-12
8.7295E-17	1.3642E-12
1.2033E-17	9.0949E-12
-4.9445E-17	3.6380E-12
5.6934E-17	9.6406E-11
1.8683E-16	-1.8190E-12
-1.6079E-17	7.8217E-11
1.9372E-16	1.6371E-11
1.5858E-16	7.2760E-12
5.1459E-16	-3.2742E-11
7.2000E-02	2.7210E+03
1.4400E-01	5.4403E+03
2.1600E-01	8.1579E+03
2.8800E-01	1.0874E+04
3.6000E-01	1.3588E+04
4.3200E-01	1.6300E+04
5.0400E-01	1.9010E+04
5.7600E-01	2.1717E+04
6.4800E-01	2.4422E+04
7.2000E-01	2.7122E+04
7.9200E-01	2.9813E+04
8.6400E-01	3.2487E+04
9.3600E-01	3.5125E+04
1.0080E+00	3.7766E+04
1.0800E+00	4.0392E+04
1.1520E+00	4.2979E+04
1.2240E+00	4.5467E+04
1.2960E+00	4.7879E+04
1.3680E+00	5.0205E+04
1.4400E+00	5.2440E+04
1.5120E+00	5.4580E+04
1.5840E+00	5.6627E+04
1.6560E+00	5.8583E+04
1.7280E+00	6.0456E+04
1.8000E+00	6.2246E+04
1.8720E+00	6.3915E+04
1.9440E+00	6.5492E+04
2.0160E+00	6.6980E+04
2.0880E+00	6.8378E+04
2.1600E+00	6.9688E+04
2.2320E+00	7.0912E+04
2.3040E+00	7.2051E+04
2.3760E+00	7.3110E+04
2.4480E+00	7.4093E+04
2.5200E+00	7.5003E+04
2.5920E+00	7.5847E+04
2.6640E+00	7.6631E+04
2.7360E+00	7.7369E+04
2.8080E+00	7.8060E+04
2.8800E+00	7.8708E+04
2.9520E+00	7.9327E+04
3.0240E+00	7.9919E+04
3.0960E+00	8.0487E+04
3.1680E+00	8.1034E+04
3.2400E+00	8.1560E+04
3.3120E+00	8.2070E+04
3.3840E+00	8.2564E+04
3.4560E+00	8.3044E+04
3.5280E+00	8.3511E+04
3.6000E+00	8.3964E+04
3.5280E+00	8.2297E+04
3.4560E+00	8.0629E+04
3.3840E+00	7.8962E+04
3.3120E+00	7.7296E+04
3.2400E+00	7.5629E+04
3.1680E+00	7.3963E+04
3.0960E+00	7.2297E+04
3.0240E+00	7.0631E+04
2.9520E+00	6.8965E+04
2.8800E+00	6.7300E+04
2.8080E+00	6.5635E+04
2.7360E+00	6.3971E+04
2.6640E+00	6.2410E+04
2.5920E+00	6.0934E+04
2.5200E+00	5.9451E+04
2.4480E+00	5.7969E+04
2.3760E+00	5.6587E+04
2.3040E+00	5.5315E+04
2.2320E+00	5.4070E+04
2.1600E+00	5.2853E+04
2.0880E+00	5.1632E+04
2.0160E+00	5.0407E+04
1.9440E+00	4.9181E+04
1.8720E+00	4.7957E+04
1.8000E+00	4.6728E+04
1.7280E+00	4.5495E+04
1.6560E+00	4.4259E+04
1.5840E+00	4.3021E+04
1.5120E+00	4.1782E+04
1.4400E+00	4.0541E+04
1.3680E+00	3.9299E+04
1.2960E+00	3.7813E+04
1.2240E+00	3.6160E+04
1.1520E+00	3.4508E+04
1.0800E+00	3.2676E+04
1.0080E+00	3.0827E+04
9.3600E-01	2.8977E+04
8.6400E-01	2.6967E+04
7.9200E-01	2.4700E+04
7.2000E-01	2.2250E+04
6.4800E-01	1.9724E+04
5.7600E-01	1.7199E+04
5.0400E-01	1.4674E+04
4.3200E-01	1.2151E+04
3.6000E-01	9.6284E+03
2.8800E-01	7.1066E+03
2.1600E-01	4.5861E+03
1.4400E-01	2.0670E+03
7.2000E-02	-4.5048E+02
1.5379E-13	-2.9652E+03
-7.2000E-02	-5.4778E+03
-1.4400E-01	-7.9884E+03
-2.1600E-01	-1.0497E+04
-2.8800E-01	-1.3002E+04
-3.6000E-01	-1.5504E+04
-4.3200E-01	-1.8002E+04
-5.0400E-01	-2.0569E+04
-5.7600E-01	-2.3184E+04
-6.4800E-01	-2.5775E+04
-7.2000E-01	-2.8316E+04
-7.9200E-01	-3.0714E+04
-8.6400E-01	-3.2920E+04
-9.3600E-01	-3.5188E+04
-1.0080E+00	-3.7749E+04
-1.0800E+00	-4.0331E+04
-1.1520E+00	-4.2885E+04
-1.2240E+00	-4.5344E+04
-1.2960E+00	-4.7728E+04
-1.3680E+00	-5.0025E+04
-1.4400E+00	-5.2225E+04
-1.5120E+00	-5.4325E+04
-1.5840E+00	-5.6326E+04
-1.6560E+00	-5.8239E+04
-1.7280E+00	-6.0085E+04
-1.8000E+00	-6.1870E+04
-1.8720E+00	-6.3542E+04
-1.9440E+00	-6.5114E+04
-2.0160E+00	-6.6600E+04
-2.0880E+00	-6.7999E+04
-2.1600E+00	-6.9312E+04
-2.2320E+00	-7.0541E+04
-2.3040E+00	-7.1688E+04
-2.3760E+00	-7.2755E+04
-2.4480E+00	-7.3746E+04
-2.5200E+00	-7.4666E+04
-2.5920E+00	-7.5520E+04
-2.6640E+00	-7.6313E+04
-2.7360E+00	-7.7052E+04
-2.8080E+00	-7.7752E+04
-2.8800E+00	-7.8409E+04
-2.9520E+00	-7.9037E+04
-3.0240E+00	-7.9637E+04
-3.0960E+00	-8.0213E+04
-3.1680E+00	-8.0770E+04
-3.2400E+00	-8.1308E+04
-3.3120E+00	-8.1830E+04
-3.3840E+00	-8.2334E+04
-3.4560E+00	-8.2819E+04
-3.5280E+00	-8.3290E+04
-3.6000E+00	-8.3748E+04
-3.5280E+00	-8.2090E+04
-3.4560E+00	-8.0432E+04
-3.3840E+00	-7.8774E+04
-3.3120E+00	-7.7117E+04
-3.2400E+00	-7.5460E+04
-3.1680E+00	-7.3802E+04
-3.0960E+00	-7.2145E+04
-3.0240E+00	-7.0488E+04
-2.9520E+00	-6.8831E+04
-2.8800E+00	-6.7174E+04
-2.8080E+00	-6.5518E+04
-2.7360E+00	-6.3861E+04
-2.6640E+00	-6.2299E+04
-2.5920E+00	-6.0818E+04
-2.5200E+00	-5.9334E+04
-2.4480E+00	-5.7849E+04
-2.3760E+00	-5.6444E+04
-2.3040E+00	-5.5153E+04
-2.2320E+00	-5.3878E+04
-2.1600E+00	-5.2640E+04
-2.0880E+00	-5.1402E+04
-2.0160E+00	-5.0169E+04
-1.9440E+00	-4.8930E+04
-1.8720E+00	-4.7682E+04
-1.8000E+00	-4.6429E+04
-1.7280E+00	-4.5173E+04
-1.6560E+00	-4.3914E+04
-1.5840E+00	-4.2653E+04
-1.5120E+00	-4.1390E+04
-1.4400E+00	-4.0126E+04
-1.3680E+00	-3.8861E+04
-1.2960E+00	-3.7595E+04
-1.2240E+00	-3.5980E+04
-1.1520E+00	-3.4323E+04
-1.0800E+00	-3.2539E+04
-1.0080E+00	-3.0692E+04
-9.3600E-01	-2.8847E+04
-8.6400E-01	-2.7024E+04
-7.9200E-01	-2.4843E+04
-7.2000E-01	-2.2484E+04
-6.4800E-01	-2.0011E+04
-5.7600E-01	-1.7540E+04
-5.0400E-01	-1.5069E+04
-4.3200E-01	-1.2718E+04
-3.6000E-01	-1.0378E+04
-2.8800E-01	-8.0384E+03
-2.1600E-01	-5.6998E+03
-1.4400E-01	-3.3616E+03
-7.2000E-02	-1.0241E+03
-3.0675E-13	1.3124E+03
7.2000E-02	3.6478E+03
1.4400E-01	5.9822E+03
2.1600E-01	8.3155E+03
2.8800E-01	1.0648E+04
3.6000E-01	1.2979E+04
4.3200E-01	1.5309E+04
5.0400E-01	1.7645E+04
5.7600E-01	2.0102E+04
6.4800E-01	2.2557E+04
7.2000E-01	2.4804E+04
7.9200E-01	2.7014E+04
8.6400E-01	2.8892E+04
9.3600E-01	3.0703E+04
1.0080E+00	3.2535E+04
1.0800E+00	3.4366E+04
1.1520E+00	3.6063E+04
1.2240E+00	3.7719E+04
1.2960E+00	3.9374E+04
1.3680E+00	4.0762E+04
1.4400E+00	4.2045E+04
1.5120E+00	4.3326E+04
1.5840E+00	4.4606E+04
1.6560E+00	4.5885E+04
1.7280E+00	4.7161E+04
1.8000E+00	4.8436E+04
1.8720E+00	4.9707E+04
1.9440E+00	5.0976E+04
2.0160E+00	5.2241E+04
2.0880E+00	5.3501E+04
2.1600E+00	5.4757E+04
2.2320E+00	5.6008E+04
2.3040E+00	5.7246E+04
2.3760E+00	5.8464E+04
2.4480E+00	5.9675E+04
2.5200E+00	6.0878E+04
2.5920E+00	6.2085E+04
2.6640E+00	6.3342E+04
2.7360E+00	6.4663E+04
2.8080E+00	6.6085E+04
2.8800E+00	6.7506E+04
2.9520E+00	6.8994E+04
3.0240E+00	7.0610E+04
3.0960E+00	7.2224E+04
3.1680E+00	7.3838E+04
3.2400E+00	7.5451E+04
3.3120E+00	7.7062E+04
3.3840E+00	7.8673E+04
3.4560E+00	8.0283E+04
3.5280E+00	8.1891E+04
3.6000E+00	8.3498E+04
3.5280E+00	8.1845E+04
3.4560E+00	8.0192E+04
3.3840E+00	7.8539E+04
3.3120E+00	7.6886E+04
3.2400E+00	7.5234E+04
3.1680E+00	7.3581E+04
3.0960E+00	7.1929E+04
3.0240E+00	7.0277E+04
2.9520E+00	6.8625E+04
2.8800E+00	6.7118E+04
2.8080E+00	6.5665E+04
2.7360E+00	6.4212E+04
2.6640E+00	6.2890E+04
2.5920E+00	6.1614E+04
2.5200E+00	6.0386E+04
2.4480E+00	5.9157E+04
2.3760E+00	5.7921E+04
2.3040E+00	5.6677E+04
2.2320E+00	5.5411E+04
2.1600E+00	5.4136E+04
2.0880E+00	5.2858E+04
2.0160E+00	5.1575E+04
1.9440E+00	5.0290E+04
1.8720E+00	4.9001E+04
1.8000E+00	4.7710E+04
1.7280E+00	4.6417E+04
1.6560E+00	4.5123E+04
1.5840E+00	4.3827E+04
1.5120E+00	4.2531E+04
1.4400E+00	4.1234E+04
1.3680E+00	3.9936E+04
1.2960E+00	3.8430E+04
1.2240E+00	3.6758E+04
1.1520E+00	3.5085E+04
1.0800E+00	3.3322E+04
1.0080E+00	3.1474E+04
9.3600E-01	2.9626E+04
8.6400E-01	2.7796E+04
7.9200E-01	2.5828E+04
7.2000E-01	2.3604E+04
6.4800E-01	2.1297E+04
5.7600E-01	1.8828E+04
5.0400E-01	1.6359E+04
4.3200E-01	1.3984E+04
3.6000E-01	1.1643E+04
2.8800E-01	9.3019E+03
2.1600E-01	6.9610E+03
1.4400E-01	4.6200E+03
7.2000E-02	2.2791E+03
4.6062E-13	-6.1893E+01
-7.2000E-02	-2.4029E+03
-1.4400E-01	-4.7435E+03
-2.1600E-01	-7.0839E+03
-2.8800E-01	-9.4243E+03
-3.6000E-01	-1.1765E+04
-4.3200E-01	-1.4105E+04
-5.0400E-01	-1.6487E+04
-5.7600E-01	-1.8956E+04
-6.4800E-01	-2.1424E+04
-7.2000E-01	-2.3738E+04
-7.9200E-01	-2.5964E+04
-8.6400E-01	-2.7912E+04
-9.3600E-01	-2.9747E+04
-1.0080E+00	-3.1597E+04
-1.0800E+00	-3.3447E+04
-1.1520E+00	-3.5199E+04
-1.2240E+00	-3.6879E+04
-1.2960E+00	-3.8558E+04
-1.3680E+00	-4.0030E+04
-1.4400E+00	-4.1332E+04
-1.5120E+00	-4.2632E+04
-1.5840E+00	-4.3931E+04
-1.6560E+00	-4.5230E+04
-1.7280E+00	-4.6527E+04
-1.8000E+00	-4.7823E+04
-1.8720E+00	-4.9116E+04
-1.9440E+00	-5.0407E+04
-2.0160E+00	-5.1695E+04
-2.0880E+00	-5.2980E+04
-2.1600E+00	-5.4258E+04
-2.2320E+00	-5.5532E+04
-2.3040E+00	-5.6789E+04
-2.3760E+00	-5.8031E+04
-2.4480E+00	-5.9265E+04
-2.5200E+00	-6.0492E+04
-2.5920E+00	-6.1717E+04
-2.6640E+00	-6.3016E+04
-2.7360E+00	-6.4378E+04
-2.8080E+00	-6.5836E+04
-2.8800E+00	-6.7294E+04
-2.9520E+00	-6.8835E+04
-3.0240E+00	-7.0491E+04
-3.0960E+00	-7.2148E+04
-3.1680E+00	-7.3805E+04
-3.2400E+00	-7.5462E+04
-3.3120E+00	-7.7119E+04
-3.3840E+00	-7.8776E+04
-3.4560E+00	-8.0433E+04
-3.5280E+00	-8.2091E+04
-3.6000E+00	-8.3748E+04
-3.5280E+00	-8.2090E+04
-3.4560E+00	-8.0432E+04
-3.3840E+00	-7.8775E+04
-3.3120E+00	-7.7117E+04
-3.2400E+00	-7.5460E+04
-3.1680E+00	-7.3802E+04
-3.0960E+00	-7.2145E+04
-3.0240E+00	-7.0488E+04
-2.9520E+00	-6.8831E+04
-2.8800E+00	-6.7291E+04
-2.8080E+00	-6.5832E+04
-2.7360E+00	-6.4374E+04
-2.6640E+00	-6.2917E+04
-2.5920E+00	-6.1446E+04
-2.5200E+00	-6.0030E+04
-2.4480E+00	-5.8614E+04
-2.3760E+00	-5.7220E+04
-2.3040E+00	-5.5838E+04
-2.2320E+00	-5.4441E+04
-2.1600E+00	-5.3037E+04
-2.0880E+00	-5.1636E+04
-2.0160E+00	-5.0242E+04
-1.9440E+00	-4.8843E+04
-1.8720E+00	-4.7438E+04
-1.8000E+00	-4.6028E+04
-1.7280E+00	-4.4616E+04
-1.6560E+00	-4.3201E+04
-1.5840E+00	-4.1783E+04
-1.5120E+00	-4.0364E+04
-1.4400E+00	-3.8943E+04
-1.3680E+00	-3.7521E+04
-1.2960E+00	-3.6098E+04
-1.2240E+00	-3.4674E+04
-1.1520E+00	-3.3248E+04
-1.0800E+00	-3.1700E+04
-1.0080E+00	-3.0119E+04
-9.3600E-01	-2.8543E+04
-8.6400E-01	-2.6978E+04
-7.9200E-01	-2.5414E+04
-7.2000E-01	-2.3385E+04
-6.4800E-01	-2.1213E+04
-5.7600E-01	-1.8869E+04
-5.0400E-01	-1.6480E+04
-4.3200E-01	-1.4098E+04
-3.6000E-01	-1.1758E+04
-2.8800E-01	-9.4179E+03
-2.1600E-01	-7.0774E+03
-1.4400E-01	-4.7370E+03
-7.2000E-02	-2.3964E+03
-6.1405E-13	-5.5401E+01
1.8000E-01	5.7970E+03
3.6000E-01	1.1649E+04
5.4000E-01	1.7599E+04
7.2000E-01	2.3610E+04
9.0000E-01	2.8715E+04
1.0800E+00	3.3328E+04
1.2600E+00	3.7600E+04
1.4400E+00	4.1240E+04
1.6200E+00	4.4482E+04
1.8000E+00	4.7716E+04
1.9800E+00	5.0939E+04
2.1600E+00	5.4141E+04
2.3400E+00	5.7305E+04
2.5200E+00	6.0391E+04
2.7000E+00	6.3533E+04
2.8800E+00	6.7122E+04
3.0600E+00	7.1106E+04
3.2400E+00	7.5238E+04
3.4200E+00	7.9370E+04
3.6000E+00	8.3502E+04
3.7800E+00	8.4855E+04
3.9600E+00	8.5825E+04
4.1400E+00	8.6703E+04
4.3200E+00	8.7558E+04
4.5000E+00	8.8441E+04
4.6800E+00	8.9317E+04
4.8600E+00	9.0216E+04
5.0400E+00	9.1123E+04
5.2200E+00	9.2015E+04
5.4000E+00	9.2914E+04
5.5800E+00	9.3818E+04
5.7600E+00	9.4682E+04
5.9400E+00	9.5456E+04
6.1200E+00	9.6208E+04
6.3000E+00	9.6945E+04
6.4800E+00	9.7678E+04
6.6600E+00	9.8436E+04
6.8400E+00	9.9190E+04
7.0200E+00	9.9954E+04
7.2000E+00	1.0073E+05
7.3800E+00	1.0151E+05
7.5600E+00	1.0229E+05
7.7400E+00	1.0306E+05
7.9200E+00	1.0381E+05
8.1000E+00	1.0453E+05
8.2800E+00	1.0523E+05
8.4600E+00	1.0594E+05
8.6400E+00	1.0661E+05
8.8200E+00	1.0722E+05
9.0000E+00	1.0782E+05
8.8200E+00	1.0580E+05
8.6400E+00	1.0377E+05
8.4600E+00	1.0172E+05
8.2800E+00	9.9659E+04
8.1000E+00	9.7478E+04
7.9200E+00	9.5307E+04
7.7400E+00	9.3132E+04
7.5600E+00	9.0950E+04
7.3800E+00	8.8778E+04
7.2000E+00	8.6624E+04
7.0200E+00	8.4428E+04
6.8400E+00	8.2240E+04
6.6600E+00	8.0066E+04
6.4800E+00	7.7893E+04
6.3000E+00	7.5735E+04
6.1200E+00	7.3625E+04
5.9400E+00	7.1521E+04
5.7600E+00	6.9415E+04
5.5800E+00	6.7309E+04
5.4000E+00	6.5203E+04
5.2200E+00	6.3099E+04
5.0400E+00	6.0996E+04
4.8600E+00	5.8891E+04
4.6800E+00	5.6787E+04
4.5000E+00	5.4682E+04
4.3200E+00	5.2577E+04
4.1400E+00	5.0470E+04
3.9600E+00	4.8363E+04
3.7800E+00	4.6256E+04
3.6000E+00	4.4148E+04
3.4200E+00	4.2041E+04
3.2400E+00	3.9932E+04
3.0600E+00	3.7824E+04
2.8800E+00	3.5716E+04
2.7000E+00	3.3607E+04
2.5200E+00	3.1354E+04
2.3400E+00	2.9040E+04
2.1600E+00	2.6728E+04
1.9800E+00	2.4420E+04
1.8000E+00	2.2112E+04
1.6200E+00	1.9643E+04
1.4400E+00	1.7039E+04
1.2600E+00	1.4294E+04
1.0800E+00	1.1530E+04
9.0000E-01	8.7663E+03
7.2000E-01	6.0034E+03
5.4000E-01	3.2412E+03
3.6000E-01	4.7975E+02
1.8000E-01	-3.1876E+03
1.9185E-12	-7.3903E+03
-1.8000E-01	-1.1872E+04
-3.6000E-01	-1.7488E+04
-5.4000E-01	-2.2849E+04
-7.2000E-01	-2.7400E+04
-9.0000E-01	-3.1656E+04
-1.0800E+00	-3.6030E+04
-1.2600E+00	-3.9994E+04
-1.4400E+00	-4.3293E+04
-1.6200E+00	-4.6250E+04
-1.8000E+00	-4.9201E+04
-1.9800E+00	-5.2154E+04
-2.1600E+00	-5.5107E+04
-2.3400E+00	-5.8009E+04
-2.5200E+00	-6.0955E+04
-2.7000E+00	-6.4055E+04
-2.8800E+00	-6.7564E+04
-3.0600E+00	-7.1467E+04
-3.2400E+00	-7.5544E+04
-3.4200E+00	-7.9622E+04
-3.6000E+00	-8.2751E+04
-3.7800E+00	-8.4056E+04
-3.9600E+00	-8.5272E+04
-4.1400E+00	-8.6547E+04
-4.3200E+00	-8.7877E+04
-4.5000E+00	-8.9113E+04
-4.6800E+00	-9.0263E+04
-4.8600E+00	-9.1291E+04
-5.0400E+00	-9.2359E+04
-5.2200E+00	-9.3464E+04
-5.4000E+00	-9.4503E+04
-5.5800E+00	-9.5483E+04
-5.7600E+00	-9.6485E+04
-5.9400E+00	-9.7405E+04
-6.1200E+00	-9.8331E+04
-6.3000E+00	-9.9339E+04
-6.4800E+00	-1.0029E+05
-6.6600E+00	-1.0117E+05
-6.8400E+00	-1.0204E+05
-7.0200E+00	-1.0290E+05
-7.2000E+00	-1.0378E+05
-7.3800E+00	-1.0466E+05
-7.5600E+00	-1.0554E+05
-7.7400E+00	-1.0630E+05
-7.9200E+00	-1.0708E+05
-8.1000E+00	-1.0785E+05
-8.2800E+00	-1.0860E+05
-8.4600E+00	-1.0936E+05
-8.6400E+00	-1.1011E+05
-8.8200E+00	-1.1087E+05
-9.0000E+00	-1.1164E+05
-8.8200E+00	-1.0973E+05
-8.6400E+00	-1.0782E+05
-8.4600E+00	-1.0592E+05
-8.2800E+00	-1.0395E+05
-8.1000E+00	-1.0180E+05
-7.9200E+00	-9.9675E+04
-7.7400E+00	-9.7501E+04
-7.5600E+00	-9.5323E+04
-7.3800E+00	-9.3126E+04
-7.2000E+00	-9.0953E+04
-7.0200E+00	-8.8781E+04
-6.8400E+00	-8.6643E+04
-6.6600E+00	-8.4505E+04
-6.4800E+00	-8.2366E+04
-6.3000E+00	-8.0228E+04
-6.1200E+00	-7.8087E+04
-5.9400E+00	-7.5921E+04
-5.7600E+00	-7.3746E+04
-5.5800E+00	-7.1542E+04
-5.4000E+00	-6.9340E+04
-5.2200E+00	-6.7124E+04
-5.0400E+00	-6.4901E+04
-4.8600E+00	-6.2677E+04
-4.6800E+00	-6.0440E+04
-4.5000E+00	-5.8136E+04
-4.3200E+00	-5.5774E+04
-4.1400E+00	-5.3287E+04
-3.9600E+00	-5.0750E+04
-3.7800E+00	-4.8172E+04
-3.6000E+00	-4.5500E+04
-3.4200E+00	-4.2831E+04
-3.2400E+00	-4.0125E+04
-3.0600E+00	-3.7402E+04
-2.8800E+00	-3.4679E+04
-2.7000E+00	-3.1956E+04
-2.5200E+00	-2.9242E+04
-2.3400E+00	-2.6503E+04
-2.1600E+00	-2.3753E+04
-1.9800E+00	-2.1018E+04
-1.8000E+00	-1.8281E+04
-1.6200E+00	-1.5503E+04
-1.4400E+00	-1.2645E+04
-1.2600E+00	-9.7861E+03
-1.0800E+00	-6.9272E+03
-9.0000E-01	-4.0676E+03
-7.2000E-01	-1.2080E+03
-5.4000E-01	1.6515E+03
-3.6000E-01	4.5110E+03
-1.8000E-01	7.4640E+03
-2.3022E-12	1.1125E+04
1.8000E-01	1.5014E+04
3.6000E-01	1.9194E+04
5.4000E-01	2.2451E+04
7.2000E-01	2.5120E+04
9.0000E-01	2.7600E+04
1.0800E+00	3.0391E+04
1.2600E+00	3.3511E+04
1.4400E+00	3.6401E+04
1.6200E+00	3.8736E+04
1.8000E+00	4.1073E+04
1.9800E+00	4.3234E+04
2.1600E+00	4.5385E+04
2.3400E+00	4.7535E+04
2.5200E+00	4.9516E+04
2.7000E+00	5.1308E+04
2.8800E+00	5.3101E+04
3.0600E+00	5.4782E+04
3.2400E+00	5.6416E+04
3.4200E+00	5.7959E+04
3.6000E+00	5.9502E+04
3.7800E+00	6.1044E+04
3.9600E+00	6.2585E+04
4.1400E+00	6.4126E+04
4.3200E+00	6.5666E+04
4.5000E+00	6.7205E+04
4.6800E+00	6.8745E+04
4.8600E+00	7.0285E+04
5.0400E+00	7.1825E+04
5.2200E+00	7.3364E+04
5.4000E+00	7.4902E+04
5.5800E+00	7.6438E+04
5.7600E+00	7.7973E+04
5.9400E+00	7.9508E+04
6.1200E+00	8.1042E+04
6.3000E+00	8.2576E+04
6.4800E+00	8.4101E+04
6.6600E+00	8.5625E+04
6.8400E+00	8.7147E+04
7.0200E+00	8.8667E+04
7.2000E+00	9.0214E+04
7.3800E+00	9.1714E+04
7.5600E+00	9.3186E+04
7.7400E+00	9.4633E+04
7.9200E+00	9.6122E+04
8.1000E+00	9.7593E+04
8.2800E+00	9.9165E+04
8.4600E+00	1.0088E+05
8.6400E+00	1.0285E+05
8.8200E+00	1.0480E+05
9.0000E+00	1.0631E+05
8.8200E+00	1.0434E+05
8.6400E+00	1.0237E+05
8.4600E+00	1.0037E+05
8.2800E+00	9.8329E+04
8.1000E+00	9.6103E+04
7.9200E+00	9.3866E+04
7.7400E+00	9.1603E+04
7.5600E+00	8.9323E+04
7.3800E+00	8.7059E+04
7.2000E+00	8.4815E+04
7.0200E+00	8.2528E+04
6.8400E+00	8.0215E+04
6.6600E+00	7.7910E+04
6.4800E+00	7.5606E+04
6.3000E+00	7.3301E+04
6.1200E+00	7.1012E+04
5.9400E+00	6.8723E+04
5.7600E+00	6.6431E+04
5.5800E+00	6.4141E+04
5.4000E+00	6.1850E+04
5.2200E+00	5.9558E+04
5.0400E+00	5.7267E+04
4.8600E+00	5.4976E+04
4.6800E+00	5.2685E+04
4.5000E+00	5.0393E+04
4.3200E+00	4.8101E+04
4.1400E+00	4.5808E+04
3.9600E+00	4.3515E+04
3.7800E+00	4.1221E+04
3.6000E+00	3.8928E+04
3.4200E+00	3.6635E+04
3.2400E+00	3.4342E+04
3.0600E+00	3.2047E+04
2.8800E+00	2.9765E+04
2.7000E+00	2.7488E+04
2.5200E+00	2.5211E+04
2.3400E+00	2.2934E+04
2.1600E+00	2.0656E+04
1.9800E+00	1.8381E+04
1.8000E+00	1.6054E+04
1.6200E+00	1.3788E+04
1.4400E+00	1.1843E+04
1.2600E+00	1.0124E+04
1.0800E+00	8.6160E+03
9.0000E-01	7.1001E+03
7.2000E-01	5.4542E+03
5.4000E-01	3.9486E+03
3.6000E-01	2.4556E+03
1.8000E-01	9.6266E+02
2.6864E-12	-3.4777E+02
-1.8000E-01	-1.4984E+03
-3.6000E-01	-3.0017E+03
-5.4000E-01	-4.5730E+03
-7.2000E-01	-6.3044E+03
-9.0000E-01	-8.0358E+03
-1.0800E+00	-9.7667E+03
-1.2600E+00	-1.1497E+04
-1.4400E+00	-1.3395E+04
-1.6200E+00	-1.5697E+04
-1.8000E+00	-1.8468E+04
-1.9800E+00	-2.1157E+04
-2.1600E+00	-2.3843E+04
-2.3400E+00	-2.6533E+04
-2.5200E+00	-2.9249E+04
-2.7000E+00	-3.1971E+04
-2.8800E+00	-3.4695E+04
-3.0600E+00	-3.7420E+04
-3.2400E+00	-4.0143E+04
-3.4200E+00	-4.2849E+04
-3.6000E+00	-4.5516E+04
-3.7800E+00	-4.8159E+04
-3.9600E+00	-5.0688E+04
-4.1400E+00	-5.3169E+04
-4.3200E+00	-5.5541E+04
-4.5000E+00	-5.7789E+04
-4.6800E+00	-5.9998E+04
-4.8600E+00	-6.2206E+04
-5.0400E+00	-6.4413E+04
-5.2200E+00	-6.6618E+04
-5.4000E+00	-6.8823E+04
-5.5800E+00	-7.1026E+04
-5.7600E+00	-7.3232E+04
-5.9400E+00	-7.5396E+04
-6.1200E+00	-7.7537E+04
-6.3000E+00	-7.9675E+04
-6.4800E+00	-8.1811E+04
-6.6600E+00	-8.3941E+04
-6.8400E+00	-8.6077E+04
-7.0200E+00	-8.8251E+04
-7.2000E+00	-9.0435E+04
-7.3800E+00	-9.2618E+04
-7.5600E+00	-9.4780E+04
-7.7400E+00	-9.6935E+04
-7.9200E+00	-9.9068E+04
-8.1000E+00	-1.0118E+05
-8.2800E+00	-1.0328E+05
-8.4600E+00	-1.0519E+05
-8.6400E+00	-1.0707E+05
-8.8200E+00	-1.0895E+05
-9.0000E+00	-1.1055E+05
-8.8200E+00	-1.0865E+05
-8.6400E+00	-1.0674E+05
-8.4600E+00	-1.0484E+05
-8.2800E+00	-1.0287E+05
-8.1000E+00	-1.0073E+05
-7.9200E+00	-9.8605E+04
-7.7400E+00	-9.6448E+04
-7.5600E+00	-9.4278E+04
-7.3800E+00	-9.2109E+04
-7.2000E+00	-8.9915E+04
-7.0200E+00	-8.7720E+04
-6.8400E+00	-8.5559E+04
-6.6600E+00	-8.3411E+04
-6.4800E+00	-8.1273E+04
-6.3000E+00	-7.9130E+04
-6.1200E+00	-7.6987E+04
-5.9400E+00	-7.4841E+04
-5.7600E+00	-7.2679E+04
-5.5800E+00	-7.0472E+04
-5.4000E+00	-6.8267E+04
-5.2200E+00	-6.6062E+04
-5.0400E+00	-6.3856E+04
-4.8600E+00	-6.1650E+04
-4.6800E+00	-5.9443E+04
-4.5000E+00	-5.7235E+04
-4.3200E+00	-5.4994E+04
-4.1400E+00	-5.2640E+04
-3.9600E+00	-5.0166E+04
-3.7800E+00	-4.7657E+04
-3.6000E+00	-4.5017E+04
-3.4200E+00	-4.2361E+04
-3.2400E+00	-3.9657E+04
-3.0600E+00	-3.6936E+04
-2.8800E+00	-3.4215E+04
-2.7000E+00	-3.1493E+04
-2.5200E+00	-2.8775E+04
-2.3400E+00	-2.6063E+04
-2.1600E+00	-2.3382E+04
-1.9800E+00	-2.0700E+04
-1.8000E+00	-1.8018E+04
-1.6200E+00	-1.5271E+04
-1.4400E+00	-1.2994E+04
-1.2600E+00	-1.1115E+04
-1.0800E+00	-9.3866E+03
-9.0000E-01	-7.6583E+03
-7.2000E-01	-5.9297E+03
-5.4000E-01	-4.2011E+03
-3.6000E-01	-2.6487E+03
-1.8000E-01	-1.1479E+03
-3.0677E-12	-2.3519E+01
3.6000E-01	2.7419E+03
7.2000E-01	5.7198E+03
1.0800E+00	8.8687E+03
1.4400E+00	1.2066E+04
1.8000E+00	1.6249E+04
2.1600E+00	2.0838E+04
2.5200E+00	2.5390E+04
2.8800E+00	2.9942E+04
3.2400E+00	3.4513E+04
3.6000E+00	3.9095E+04
3.9600E+00	4.3677E+04
4.3200E+00	4.8256E+04
4.6800E+00	5.2834E+04
5.0400E+00	5.7410E+04
5.4000E+00	6.1984E+04
5.7600E+00	6.6552E+04
6.1200E+00	7.1113E+04
6.4800E+00	7.5684E+04
6.8400E+00	8.0268E+04
7.2000E+00	8.4832E+04
7.5600E+00	8.9309E+04
7.9200E+00	9.3808E+04
8.2800E+00	9.8219E+04
8.6400E+00	1.0219E+05
9.0000E+00	1.0595E+05
9.3600E+00	1.0740E+05
9.7200E+00	1.0882E+05
1.0080E+01	1.1012E+05
1.0440E+01	1.1137E+05
1.0800E+01	1.1259E+05
1.1160E+01	1.1362E+05
1.1520E+01	1.1467E+05
1.1880E+01	1.1569E+05
1.2240E+01	1.1668E+05
1.2600E+01	1.1767E+05
1.2960E+01	1.1865E+05
1.3320E+01	1.1962E+05
1.3680E+01	1.2056E+05
1.4040E+01	1.2148E+05
1.4400E+01	1.2239E+05
1.4760E+01	1.2327E+05
1.5120E+01	1.2414E+05
1.5480E+01	1.2499E+05
1.5840E+01	1.2583E+05
1.6200E+01	1.2664E+05
1.6560E+01	1.2743E+05
1.6920E+01	1.2821E+05
1.7280E+01	1.2895E+05
1.7640E+01	1.2968E+05
1.8000E+01	1.3038E+05
1.7640E+01	1.2786E+05
1.7280E+01	1.2522E+05
1.6920E+01	1.2241E+05
1.6560E+01	1.1961E+05
1.6200E+01	1.1685E+05
1.5840E+01	1.1411E+05
1.5480E+01	1.1137E+05
1.5120E+01	1.0865E+05
1.4760E+01	1.0592E+05
1.4400E+01	1.0320E+05
1.4040E+01	1.0047E+05
1.3680E+01	9.7742E+04
1.3320E+01	9.5015E+04
1.2960E+01	9.2288E+04
1.2600E+01	8.9560E+04
1.2240E+01	8.6832E+04
1.1880E+01	8.4104E+04
1.1520E+01	8.1370E+04
1.1160E+01	7.8635E+04
1.0800E+01	7.5875E+04
1.0440E+01	7.3108E+04
1.0080E+01	7.0341E+04
9.7200E+00	6.7564E+04
9.3600E+00	6.4766E+04
9.0000E+00	6.1972E+04
8.6400E+00	5.9167E+04
8.2800E+00	5.6362E+04
7.9200E+00	5.3512E+04
7.5600E+00	5.0595E+04
7.2000E+00	4.7678E+04
6.8400E+00	4.4637E+04
6.4800E+00	4.1532E+04
6.1200E+00	3.8404E+04
5.7600E+00	3.5067E+04
5.4000E+00	3.1707E+04
5.0400E+00	2.8352E+04
4.6800E+00	2.4997E+04
4.3200E+00	2.1644E+04
3.9600E+00	1.8295E+04
3.6000E+00	1.4947E+04
3.2400E+00	1.1600E+04
2.8800E+00	8.2567E+03
2.5200E+00	4.9229E+03
2.1600E+00	1.5921E+03
1.8000E+00	-1.7359E+03
1.4400E+00	-5.2288E+03
1.0800E+00	-8.9945E+03
7.2000E-01	-1.3081E+04
3.6000E-01	-1.6991E+04
6.9073E-12	-2.0035E+04
-3.6000E-01	-2.3683E+04
-7.2000E-01	-2.6484E+04
-1.0800E+00	-2.9075E+04
-1.4400E+00	-3.1918E+04
-1.8000E+00	-3.6452E+04
-2.1600E+00	-4.1315E+04
-2.5200E+00	-4.6040E+04
-2.8800E+00	-5.0475E+04
-3.2400E+00	-5.4811E+04
-3.6000E+00	-5.9143E+04
-3.9600E+00	-6.3332E+04
-4.3200E+00	-6.7401E+04
-4.6800E+00	-7.1074E+04
-5.0400E+00	-7.4278E+04
-5.4000E+00	-7.7400E+04
-5.7600E+00	-8.0526E+04
-6.1200E+00	-8.3579E+04
-6.4800E+00	-8.6605E+04
-6.8400E+00	-8.9626E+04
-7.2000E+00	-9.2555E+04
-7.5600E+00	-9.5359E+04
-7.9200E+00	-9.8095E+04
-8.2800E+00	-1.0100E+05
-8.6400E+00	-1.0401E+05
-9.0000E+00	-1.0635E+05
-9.3600E+00	-1.0801E+05
-9.7200E+00	-1.0963E+05
-1.0080E+01	-1.1121E+05
-1.0440E+01	-1.1272E+05
-1.0800E+01	-1.1417E+05
-1.1160E+01	-1.1557E+05
-1.1520E+01	-1.1695E+05
-1.1880E+01	-1.1827E+05
-1.2240E+01	-1.1957E+05
-1.2600E+01	-1.2085E+05
-1.2960E+01	-1.2211E+05
-1.3320E+01	-1.2334E+05
-1.3680E+01	-1.2455E+05
-1.4040E+01	-1.2574E+05
-1.4400E+01	-1.2690E+05
-1.4760E+01	-1.2805E+05
-1.5120E+01	-1.2921E+05
-1.5480E+01	-1.3034E+05
-1.5840E+01	-1.3145E+05
-1.6200E+01	-1.3252E+05
-1.6560E+01	-1.3353E+05
-1.6920E+01	-1.3448E+05
-1.7280E+01	-1.3538E+05
-1.7640E+01	-1.3626E+05
-1.8000E+01	-1.3712E+05
-1.7640E+01	-1.3457E+05
-1.7280E+01	-1.3183E+05
-1.6920E+01	-1.2886E+05
-1.6560E+01	-1.2587E+05
-1.6200E+01	-1.2287E+05
-1.5840E+01	-1.1991E+05
-1.5480E+01	-1.1693E+05
-1.5120E+01	-1.1396E+05
-1.4760E+01	-1.1098E+05
-1.4400E+01	-1.0801E+05
-1.4040E+01	-1.0503E+05
-1.3680E+01	-1.0206E+05
-1.3320E+01	-9.9083E+04
-1.2960E+01	-9.6116E+04
-1.2600E+01	-9.3148E+04
-1.2240E+01	-9.0197E+04
-1.1880E+01	-8.7246E+04
-1.1520E+01	-8.4294E+04
-1.1160E+01	-8.1343E+04
-1.0800E+01	-7.8392E+04
-1.0440E+01	-7.5441E+04
-1.0080E+01	-7.2492E+04
-9.7200E+00	-6.9545E+04
-9.3600E+00	-6.6581E+04
-9.0000E+00	-6.3593E+04
-8.6400E+00	-6.0599E+04
-8.2800E+00	-5.7599E+04
-7.9200E+00	-5.4598E+04
-7.5600E+00	-5.1598E+04
-7.2000E+00	-4.8604E+04
-6.8400E+00	-4.5611E+04
-6.4800E+00	-4.2596E+04
-6.1200E+00	-3.9541E+04
-5.7600E+00	-3.6440E+04
-5.4000E+00	-3.3340E+04
-5.0400E+00	-3.0239E+04
-4.6800E+00	-2.7090E+04
-4.3200E+00	-2.3908E+04
-3.9600E+00	-2.0500E+04
-3.6000E+00	-1.6873E+04
-3.2400E+00	-1.2883E+04
-2.8800E+00	-8.7092E+03
-2.5200E+00	-4.5141E+03
-2.1600E+00	-1.8972E+02
-1.8000E+00	4.2118E+03
-1.4400E+00	8.6701E+03
-1.0800E+00	1.3139E+04
-7.2000E-01	1.7221E+04
-3.6000E-01	2.0168E+04
-7.6736E-12	2.2102E+04
3.6000E-01	2.3259E+04
7.2000E-01	2.4926E+04
1.0800E+00	2.6652E+04
1.4400E+00	2.8186E+04
1.8000E+00	2.9772E+04
2.1600E+00	3.1359E+04
2.5200E+00	3.2949E+04
2.8800E+00	3.4551E+04
3.2400E+00	3.6449E+04
3.6000E+00	3.8605E+04
3.9600E+00	4.0906E+04
4.3200E+00	4.3744E+04
4.6800E+00	4.6605E+04
5.0400E+00	4.9464E+04
5.4000E+00	5.2321E+04
5.7600E+00	5.5178E+04
6.1200E+00	5.8033E+04
6.4800E+00	6.0784E+04
6.8400E+00	6.3395E+04
7.2000E+00	6.5964E+04
7.5600E+00	6.8447E+04
7.9200E+00	7.0841E+04
8.2800E+00	7.3167E+04
8.6400E+00	7.5411E+04
9.0000E+00	7.7637E+04
9.3600E+00	7.9852E+04
9.7200E+00	8.2054E+04
1.0080E+01	8.4251E+04
1.0440E+01	8.6451E+04
1.0800E+01	8.8648E+04
1.1160E+01	9.0836E+04
1.1520E+01	9.2995E+04
1.1880E+01	9.5124E+04
1.2240E+01	9.7246E+04
1.2600E+01	9.9349E+04
1.2960E+01	1.0144E+05
1.3320E+01	1.0352E+05
1.3680E+01	1.0559E+05
1.4040E+01	1.0764E+05
1.4400E+01	1.0967E+05
1.4760E+01	1.1168E+05
1.5120E+01	1.1366E+05
1.5480E+01	1.1562E+05
1.5840E+01	1.1756E+05
1.6200E+01	1.1945E+05
1.6560E+01	1.2133E+05
1.6920E+01	1.2320E+05
1.7280E+01	1.2504E+05
1.7640E+01	1.2695E+05
1.8000E+01	1.2853E+05
1.7640E+01	1.2602E+05
1.7280E+01	1.2336E+05
1.6920E+01	1.2044E+05
1.6560E+01	1.1753E+05
1.6200E+01	1.1465E+05
1.5840E+01	1.1177E+05
1.5480E+01	1.0889E+05
1.5120E+01	1.0602E+05
1.4760E+01	1.0314E+05
1.4400E+01	1.0027E+05
1.4040E+01	9.7393E+04
1.3680E+01	9.4519E+04
1.3320E+01	9.1644E+04
1.2960E+01	8.8770E+04
1.2600E+01	8.5895E+04
1.2240E+01	8.3016E+04
1.1880E+01	8.0129E+04
1.1520E+01	7.7243E+04
1.1160E+01	7.4356E+04
1.0800E+01	7.1470E+04
1.0440E+01	6.8568E+04
1.0080E+01	6.5658E+04
9.7200E+00	6.2752E+04
9.3600E+00	5.9818E+04
9.0000E+00	5.6872E+04
8.6400E+00	5.3925E+04
8.2800E+00	5.0978E+04
7.9200E+00	4.8031E+04
7.5600E+00	4.5088E+04
7.2000E+00	4.2099E+04
6.8400E+00	3.9047E+04
6.4800E+00	3.5914E+04
6.1200E+00	3.2657E+04
5.7600E+00	2.9401E+04
5.4000E+00	2.6126E+04
5.0400E+00	2.2660E+04
4.6800E+00	1.9220E+04
4.3200E+00	1.6481E+04
3.9600E+00	1.3760E+04
3.6000E+00	1.1566E+04
3.2400E+00	9.4464E+03
2.8800E+00	7.5814E+03
2.5200E+00	5.9489E+03
2.1600E+00	4.5386E+03
1.8000E+00	3.1333E+03
1.4400E+00	1.7458E+03
1.0800E+00	3.5845E+02
7.2000E-01	-9.9815E+02
3.6000E-01	-2.3492E+03
8.4389E-12	-3.7002E+03
-3.6000E-01	-5.0507E+03
-7.2000E-01	-6.4003E+03
-1.0800E+00	-7.7495E+03
-1.4400E+00	-9.0874E+03
-1.8000E+00	-1.0422E+04
-2.1600E+00	-1.1825E+04
-2.5200E+00	-1.4019E+04
-2.8800E+00	-1.6533E+04
-3.2400E+00	-1.8963E+04
-3.6000E+00	-2.1321E+04
-3.9600E+00	-2.3946E+04
-4.3200E+00	-2.6468E+04
-4.6800E+00	-2.9435E+04
-5.0400E+00	-3.2559E+04
-5.4000E+00	-3.5651E+04
-5.7600E+00	-3.8739E+04
-6.1200E+00	-4.1813E+04
-6.4800E+00	-4.4840E+04
-6.8400E+00	-4.7829E+04
-7.2000E+00	-5.0817E+04
-7.5600E+00	-5.3806E+04
-7.9200E+00	-5.6791E+04
-8.2800E+00	-5.9776E+04
-8.6400E+00	-6.2759E+04
-9.0000E+00	-6.5740E+04
-9.3600E+00	-6.8706E+04
-9.7200E+00	-7.1643E+04
-1.0080E+01	-7.4558E+04
-1.0440E+01	-7.7468E+04
-1.0800E+01	-8.0373E+04
-1.1160E+01	-8.3272E+04
-1.1520E+01	-8.6165E+04
-1.1880E+01	-8.9052E+04
-1.2240E+01	-9.1932E+04
-1.2600E+01	-9.4807E+04
-1.2960E+01	-9.7679E+04
-1.3320E+01	-1.0054E+05
-1.3680E+01	-1.0338E+05
-1.4040E+01	-1.0623E+05
-1.4400E+01	-1.0906E+05
-1.4760E+01	-1.1188E+05
-1.5120E+01	-1.1468E+05
-1.5480E+01	-1.1746E+05
-1.5840E+01	-1.2020E+05
-1.6200E+01	-1.2292E+05
-1.6560E+01	-1.2563E+05
-1.6920E+01	-1.2829E+05
-1.7280E+01	-1.3091E+05
-1.7640E+01	-1.3320E+05
-1.8000E+01	-1.3511E+05
-1.7640E+01	-1.3257E+05
-1.7280E+01	-1.2983E+05
-1.6920E+01	-1.2687E+05
-1.6560E+01	-1.2389E+05
-1.6200E+01	-1.2091E+05
-1.5840E+01	-1.1795E+05
-1.5480E+01	-1.1498E+05
-1.5120E+01	-1.1201E+05
-1.4760E+01	-1.0905E+05
-1.4400E+01	-1.0608E+05
-1.4040E+01	-1.0311E+05
-1.3680E+01	-1.0015E+05
-1.3320E+01	-9.7183E+04
-1.2960E+01	-9.4223E+04
-1.2600E+01	-9.1264E+04
-1.2240E+01	-8.8325E+04
-1.1880E+01	-8.5386E+04
-1.1520E+01	-8.2447E+04
-1.1160E+01	-7.9508E+04
-1.0800E+01	-7.6568E+04
-1.0440E+01	-7.3628E+04
-1.0080E+01	-7.0686E+04
-9.7200E+00	-6.7744E+04
-9.3600E+00	-6.4802E+04
-9.0000E+00	-6.1831E+04
-8.6400E+00	-5.8854E+04
-8.2800E+00	-5.5873E+04
-7.9200E+00	-5.2878E+04
-7.5600E+00	-4.9880E+04
-7.2000E+00	-4.6884E+04
-6.8400E+00	-4.3890E+04
-6.4800E+00	-4.0896E+04
-6.1200E+00	-3.7862E+04
-5.7600E+00	-3.4784E+04
-5.4000E+00	-3.1684E+04
-5.0400E+00	-2.8583E+04
-4.6800E+00	-2.5481E+04
-4.3200E+00	-2.2769E+04
-3.9600E+00	-2.0239E+04
-3.6000E+00	-1.7863E+04
-3.2400E+00	-1.5570E+04
-2.8800E+00	-1.3155E+04
-2.5200E+00	-1.0857E+04
-2.1600E+00	-9.2026E+03
-1.8000E+00	-7.8585E+03
-1.4400E+00	-6.5144E+03
-1.0800E+00	-5.1706E+03
-7.2000E-01	-3.8266E+03
-3.6000E-01	-2.4829E+03
-9.2090E-12	-1.1394E+03
5.4000E-01	8.9218E+02
1.0800E+00	2.9246E+03
1.6200E+00	4.9561E+03
2.1600E+00	6.9862E+03
2.7000E+00	9.0149E+03
3.2400E+00	1.1367E+04
3.7800E+00	1.4312E+04
4.3200E+00	1.7950E+04
4.8600E+00	2.2147E+04
5.4000E+00	2.7258E+04
5.9400E+00	3.2156E+04
6.4800E+00	3.7037E+04
7.0200E+00	4.1632E+04
7.5600E+00	4.6076E+04
8.1000E+00	5.0484E+04
8.6400E+00	5.4895E+04
9.1800E+00	5.9304E+04
9.7200E+00	6.3707E+04
1.0260E+01	6.8055E+04
1.0800E+01	7.2379E+04
1.1340E+01	7.6672E+04
1.1880E+01	8.0956E+04
1.2420E+01	8.5220E+04
1.2960E+01	8.9468E+04
1.3500E+01	9.3700E+04
1.4040E+01	9.7909E+04
1.4580E+01	1.0209E+05
1.5120E+01	1.0624E+05
1.5660E+01	1.1035E+05
1.6200E+01	1.1441E+05
1.6740E+01	1.1845E+05
1.7280E+01	1.2245E+05
1.7820E+01	1.2585E+05
1.8360E+01	1.2779E+05
1.8900E+01	1.2941E+05
1.9440E+01	1.3065E+05
1.9980E+01	1.3173E+05
2.0520E+01	1.3273E+05
2.1060E+01	1.3366E+05
2.1600E+01	1.3453E+05
2.2140E+01	1.3534E+05
2.2680E+01	1.3612E+05
2.3220E+01	1.3685E+05
2.3760E+01	1.3754E+05
2.4300E+01	1.3820E+05
2.4840E+01	1.3883E+05
2.5380E+01	1.3943E+05
2.5920E+01	1.4000E+05
2.6460E+01	1.4055E+05
2.7000E+01	1.4108E+05
2.6460E+01	1.3790E+05
2.5920E+01	1.3430E+05
2.5380E+01	1.3072E+05
2.4840E+01	1.2719E+05
2.4300E+01	1.2366E+05
2.3760E+01	1.2013E+05
2.3220E+01	1.1660E+05
2.2680E+01	1.1307E+05
2.2140E+01	1.0954E+05
2.1600E+01	1.0601E+05
2.1060E+01	1.0248E+05
2.0520E+01	9.8946E+04
1.9980E+01	9.5412E+04
1.9440E+01	9.1879E+04
1.8900E+01	8.8348E+04
1.8360E+01	8.4820E+04
1.7820E+01	8.1294E+04
1.7280E+01	7.7773E+04
1.6740E+01	7.4255E+04
1.6200E+01	7.0741E+04
1.5660E+01	6.7232E+04
1.5120E+01	6.3728E+04
1.4580E+01	6.0233E+04
1.4040E+01	5.6747E+04
1.3500E+01	5.3271E+04
1.2960E+01	4.9805E+04
1.2420E+01	4.6339E+04
1.1880E+01	4.2881E+04
1.1340E+01	3.9436E+04
1.0800E+01	3.6007E+04
1.0260E+01	3.2594E+04
9.7200E+00	2.9178E+04
9.1800E+00	2.5745E+04
8.6400E+00	2.2336E+04
8.1000E+00	1.8924E+04
7.5600E+00	1.5529E+04
7.0200E+00	1.2124E+04
6.4800E+00	8.7204E+03
5.9400E+00	5.0913E+03
5.4000E+00	1.2887E+03
4.8600E+00	-2.5941E+03
4.3200E+00	-6.6243E+03
3.7800E+00	-1.0817E+04
3.2400E+00	-1.5018E+04
2.7000E+00	-1.9135E+04
2.1600E+00	-2.2033E+04
1.6200E+00	-2.4527E+04
1.0800E+00	-2.7005E+04
5.4000E-01	-2.8302E+04
1.4964E-11	-2.9477E+04
-5.4000E-01	-3.0646E+04
-1.0800E+00	-3.1808E+04
-1.6200E+00	-3.2993E+04
-2.1600E+00	-3.5469E+04
-2.7000E+00	-3.8296E+04
-3.2400E+00	-4.1093E+04
-3.7800E+00	-4.4287E+04
-4.3200E+00	-4.7521E+04
-4.8600E+00	-5.1843E+04
-5.4000E+00	-5.5727E+04
-5.9400E+00	-5.9238E+04
-6.4800E+00	-6.2748E+04
-7.0200E+00	-6.6238E+04
-7.5600E+00	-6.9564E+04
-8.1000E+00	-7.2839E+04
-8.6400E+00	-7.6105E+04
-9.1800E+00	-7.9370E+04
-9.7200E+00	-8.2582E+04
-1.0260E+01	-8.5787E+04
-1.0800E+01	-8.8989E+04
-1.1340E+01	-9.2185E+04
-1.1880E+01	-9.5373E+04
-1.2420E+01	-9.8555E+04
-1.2960E+01	-1.0177E+05
-1.3500E+01	-1.0497E+05
-1.4040E+01	-1.0816E+05
-1.4580E+01	-1.1129E+05
-1.5120E+01	-1.1436E+05
-1.5660E+01	-1.1737E+05
-1.6200E+01	-1.2033E+05
-1.6740E+01	-1.2315E+05
-1.7280E+01	-1.2587E+05
-1.7820E+01	-1.2834E+05
-1.8360E+01	-1.3007E+05
-1.8900E+01	-1.3168E+05
-1.9440E+01	-1.3320E+05
-1.9980E+01	-1.3463E+05
-2.0520E+01	-1.3588E+05
-2.1060E+01	-1.3701E+05
-2.1600E+01	-1.3805E+05
-2.2140E+01	-1.3904E+05
-2.2680E+01	-1.3999E+05
-2.3220E+01	-1.4089E+05
-2.3760E+01	-1.4175E+05
-2.4300E+01	-1.4259E+05
-2.4840E+01	-1.4340E+05
-2.5380E+01	-1.4422E+05
-2.5920E+01	-1.4500E+05
-2.6460E+01	-1.4571E+05
-2.7000E+01	-1.4637E+05
-2.6460E+01	-1.4317E+05
-2.5920E+01	-1.3950E+05
-2.5380E+01	-1.3582E+05
-2.4840E+01	-1.3217E+05
-2.4300E+01	-1.2851E+05
-2.3760E+01	-1.2486E+05
-2.3220E+01	-1.2121E+05
-2.2680E+01	-1.1756E+05
-2.2140E+01	-1.1394E+05
-2.1600E+01	-1.1032E+05
-2.1060E+01	-1.0670E+05
-2.0520E+01	-1.0309E+05
-1.9980E+01	-9.9459E+04
-1.9440E+01	-9.5777E+04
-1.8900E+01	-9.2078E+04
-1.8360E+01	-8.8384E+04
-1.7820E+01	-8.4693E+04
-1.7280E+01	-8.0997E+04
-1.6740E+01	-7.7303E+04
-1.6200E+01	-7.3618E+04
-1.5660E+01	-6.9936E+04
-1.5120E+01	-6.6259E+04
-1.4580E+01	-6.2589E+04
-1.4040E+01	-5.8928E+04
-1.3500E+01	-5.5275E+04
-1.2960E+01	-5.1633E+04
-1.2420E+01	-4.8005E+04
-1.1880E+01	-4.4391E+04
-1.1340E+01	-4.0788E+04
-1.0800E+01	-3.7199E+04
-1.0260E+01	-3.3628E+04
-9.7200E+00	-3.0076E+04
-9.1800E+00	-2.6544E+04
-8.6400E+00	-2.3033E+04
-8.1000E+00	-1.9535E+04
-7.5600E+00	-1.6004E+04
-7.0200E+00	-1.2500E+04
-6.4800E+00	-9.0239E+03
-5.9400E+00	-5.5736E+03
-5.4000E+00	-2.1514E+03
-4.8600E+00	1.2482E+03
-4.3200E+00	4.7447E+03
-3.7800E+00	8.5550E+03
-3.2400E+00	1.2660E+04
-2.7000E+00	1.6078E+04
-2.1600E+00	1.8923E+04
-1.6200E+00	2.1927E+04
-1.0800E+00	2.3587E+04
-5.4000E-01	2.4703E+04
-1.6111E-11	2.5815E+04
5.4000E-01	2.6925E+04
1.0800E+00	2.8033E+04
1.6200E+00	2.9146E+04
2.1600E+00	3.0256E+04
2.7000E+00	3.1363E+04
3.2400E+00	3.2465E+04
3.7800E+00	3.3758E+04
4.3200E+00	3.5566E+04
4.8600E+00	3.7589E+04
5.4000E+00	4.0275E+04
5.9400E+00	4.2945E+04
6.4800E+00	4.5573E+04
7.0200E+00	4.8301E+04
7.5600E+00	5.1330E+04
8.1000E+00	5.4213E+04
8.6400E+00	5.7031E+04
9.1800E+00	5.9812E+04
9.7200E+00	6.2581E+04
1.0260E+01	6.5336E+04
1.0800E+01	6.8083E+04
1.1340E+01	7.0813E+04
1.1880E+01	7.3527E+04
1.2420E+01	7.6221E+04
1.2960E+01	7.8882E+04
1.3500E+01	8.1483E+04
1.4040E+01	8.4020E+04
1.4580E+01	8.6524E+04
1.5120E+01	8.8991E+04
1.5660E+01	9.1431E+04
1.6200E+01	9.3844E+04
1.6740E+01	9.6229E+04
1.7280E+01	9.8588E+04
1.7820E+01	1.0092E+05
1.8360E+01	1.0322E+05
1.8900E+01	1.0548E+05
1.9440E+01	1.0772E+05
1.9980E+01	1.0992E+05
2.0520E+01	1.1209E+05
2.1060E+01	1.1423E+05
2.1600E+01	1.1633E+05
2.2140E+01	1.1839E+05
2.2680E+01	1.2040E+05
2.3220E+01	1.2238E+05
2.3760E+01	1.2432E+05
2.4300E+01	1.2622E+05
2.4840E+01	1.2807E+05
2.5380E+01	1.2990E+05
2.5920E+01	1.3174E+05
2.6460E+01	1.3353E+05
2.7000E+01	1.3491E+05
2.6460E+01	1.3175E+05
2.5920E+01	1.2813E+05
2.5380E+01	1.2455E+05
2.4840E+01	1.2099E+05
2.4300E+01	1.1744E+05
2.3760E+01	1.1389E+05
2.3220E+01	1.1033E+05
2.2680E+01	1.0678E+05
2.2140E+01	1.0323E+05
2.1600E+01	9.9670E+04
2.1060E+01	9.6110E+04
2.0520E+01	9.2550E+04
1.9980E+01	8.8992E+04
1.9440E+01	8.5436E+04
1.8900E+01	8.1881E+04
1.8360E+01	7.8330E+04
1.7820E+01	7.4783E+04
1.7280E+01	7.1239E+04
1.6740E+01	6.7700E+04
1.6200E+01	6.4165E+04
1.5660E+01	6.0635E+04
1.5120E+01	5.7112E+04
1.4580E+01	5.3597E+04
1.4040E+01	5.0095E+04
1.3500E+01	4.6604E+04
1.2960E+01	4.3114E+04
1.2420E+01	3.9629E+04
1.1880E+01	3.6158E+04
1.1340E+01	3.2702E+04
1.0800E+01	2.9258E+04
1.0260E+01	2.5822E+04
9.7200E+00	2.2404E+04
9.1800E+00	1.9389E+04
8.6400E+00	1.7054E+04
8.1000E+00	1.4673E+04
7.5600E+00	1.2275E+04
7.0200E+00	1.0151E+04
6.4800E+00	8.5915E+03
5.9400E+00	7.0676E+03
5.4000E+00	5.5599E+03
4.8600E+00	4.0836E+03
4.3200E+00	2.6123E+03
3.7800E+00	1.1660E+03
3.2400E+00	-2.4203E+02
2.7000E+00	-1.6451E+03
2.1600E+00	-3.0426E+03
1.6200E+00	-4.4347E+03
1.0800E+00	-5.8218E+03
5.4000E-01	-7.2041E+03
7.6736E-12	-8.5814E+03
-5.4000E-01	-9.9537E+03
-1.0800E+00	-1.1321E+04
-1.6200E+00	-1.2683E+04
-2.1600E+00	-1.4041E+04
-2.7000E+00	-1.5393E+04
-3.2400E+00	-1.6740E+04
-3.7800E+00	-1.8082E+04
-4.3200E+00	-1.9419E+04
-4.8600E+00	-2.0751E+04
-5.4000E+00	-2.2077E+04
-5.9400E+00	-2.3398E+04
-6.4800E+00	-2.4712E+04
-7.0200E+00	-2.6685E+04
-7.5600E+00	-2.9212E+04
-8.1000E+00	-3.1736E+04
-8.6400E+00	-3.4748E+04
-9.1800E+00	-3.8352E+04
-9.7200E+00	-4.1943E+04
-1.0260E+01	-4.5519E+04
-1.0800E+01	-4.9079E+04
-1.1340E+01	-5.2621E+04
-1.1880E+01	-5.6139E+04
-1.2420E+01	-5.9641E+04
-1.2960E+01	-6.3121E+04
-1.3500E+01	-6.6578E+04
-1.4040E+01	-7.0011E+04
-1.4580E+01	-7.3420E+04
-1.5120E+01	-7.6803E+04
-1.5660E+01	-8.0159E+04
-1.6200E+01	-8.3487E+04
-1.6740E+01	-8.6788E+04
-1.7280E+01	-9.0062E+04
-1.7820E+01	-9.3298E+04
-1.8360E+01	-9.6505E+04
-1.8900E+01	-9.9683E+04
-1.9440E+01	-1.0282E+05
-1.9980E+01	-1.0589E+05
-2.0520E+01	-1.0890E+05
-2.1060E+01	-1.1189E+05
-2.1600E+01	-1.1485E+05
-2.2140E+01	-1.1777E+05
-2.2680E+01	-1.2066E+05
-2.3220E+01	-1.2353E+05
-2.3760E+01	-1.2639E+05
-2.4300E+01	-1.2921E+05
-2.4840E+01	-1.3200E+05
-2.5380E+01	-1.3475E+05
-2.5920E+01	-1.3751E+05
-2.6460E+01	-1.4007E+05
-2.7000E+01	-1.4177E+05
-2.6460E+01	-1.3857E+05
-2.5920E+01	-1.3492E+05
-2.5380E+01	-1.3124E+05
-2.4840E+01	-1.2760E+05
-2.4300E+01	-1.2396E+05
-2.3760E+01	-1.2032E+05
-2.3220E+01	-1.1669E+05
-2.2680E+01	-1.1305E+05
-2.2140E+01	-1.0944E+05
-2.1600E+01	-1.0583E+05
-2.1060E+01	-1.0224E+05
-2.0520E+01	-9.8614E+04
-1.9980E+01	-9.4945E+04
-1.9440E+01	-9.1284E+04
-1.8900E+01	-8.7611E+04
-1.8360E+01	-8.3942E+04
-1.7820E+01	-8.0266E+04
-1.7280E+01	-7.6591E+04
-1.6740E+01	-7.2917E+04
-1.6200E+01	-6.9245E+04
-1.5660E+01	-6.5583E+04
-1.5120E+01	-6.1927E+04
-1.4580E+01	-5.8279E+04
-1.4040E+01	-5.4639E+04
-1.3500E+01	-5.1010E+04
-1.2960E+01	-4.7389E+04
-1.2420E+01	-4.3779E+04
-1.1880E+01	-4.0182E+04
-1.1340E+01	-3.6601E+04
-1.0800E+01	-3.3037E+04
-1.0260E+01	-2.9490E+04
-9.7200E+00	-2.5960E+04
-9.1800E+00	-2.3328E+04
-8.6400E+00	-2.0886E+04
-8.1000E+00	-1.8425E+04
-7.5600E+00	-1.6765E+04
-7.0200E+00	-1.5315E+04
-6.4800E+00	-1.3871E+04
-5.9400E+00	-1.2432E+04
-5.4000E+00	-1.0999E+04
-4.8600E+00	-9.5699E+03
-4.3200E+00	-8.1464E+03
-3.7800E+00	-6.7279E+03
-3.2400E+00	-5.3145E+03
-2.7000E+00	-3.9067E+03
-2.1600E+00	-2.5042E+03
-1.6200E+00	-1.1069E+03
-1.0800E+00	2.8516E+02
-5.4000E-01	1.6720E+03
1.0232E-12	3.0537E+03
7.2000E-01	4.8876E+03
1.4400E+00	6.7119E+03
2.1600E+00	8.5264E+03
2.8800E+00	1.0331E+04
3.6000E+00	1.2125E+04
4.3200E+00	1.3936E+04
5.0400E+00	1.5789E+04
5.7600E+00	1.7631E+04
6.4800E+00	1.9463E+04
7.2000E+00	2.1605E+04
7.9200E+00	2.4500E+04
8.6400E+00	2.7716E+04
9.3600E+00	3.1059E+04
1.0080E+01	3.5622E+04
1.0800E+01	4.0209E+04
1.1520E+01	4.4733E+04
1.2240E+01	4.9211E+04
1.2960E+01	5.3656E+04
1.3680E+01	5.8068E+04
1.4400E+01	6.2449E+04
1.5120E+01	6.6793E+04
1.5840E+01	7.1101E+04
1.6560E+01	7.5373E+04
1.7280E+01	7.9609E+04
1.8000E+01	8.3810E+04
1.8720E+01	8.7974E+04
1.9440E+01	9.2102E+04
2.0160E+01	9.6192E+04
2.0880E+01	1.0024E+05
2.1600E+01	1.0425E+05
2.2320E+01	1.0821E+05
2.3040E+01	1.1213E+05
2.3760E+01	1.1600E+05
2.4480E+01	1.1983E+05
2.5200E+01	1.2360E+05
2.5920E+01	1.2736E+05
2.6640E+01	1.3082E+05
2.7360E+01	1.3262E+05
2.8080E+01	1.3398E+05
2.8800E+01	1.3526E+05
2.9520E+01	1.3646E+05
3.0240E+01	1.3758E+05
3.0960E+01	1.3857E+05
3.1680E+01	1.3945E+05
3.2400E+01	1.4025E+05
3.3120E+01	1.4100E+05
3.3840E+01	1.4170E+05
3.4560E+01	1.4237E+05
3.5280E+01	1.4299E+05
3.6000E+01	1.4358E+05
3.5280E+01	1.3962E+05
3.4560E+01	1.3535E+05
3.3840E+01	1.3113E+05
3.3120E+01	1.2691E+05
3.2400E+01	1.2270E+05
3.1680E+01	1.1848E+05
3.0960E+01	1.1427E+05
3.0240E+01	1.1007E+05
2.9520E+01	1.0587E+05
2.8800E+01	1.0168E+05
2.8080E+01	9.7494E+04
2.7360E+01	9.3322E+04
2.6640E+01	8.9163E+04
2.5920E+01	8.5019E+04
2.5200E+01	8.0893E+04
2.4480E+01	7.6786E+04
2.3760E+01	7.2689E+04
2.3040E+01	6.8615E+04
2.2320E+01	6.4564E+04
2.1600E+01	6.0537E+04
2.0880E+01	5.6537E+04
2.0160E+01	5.2565E+04
1.9440E+01	4.8630E+04
1.8720E+01	4.4727E+04
1.8000E+01	4.0858E+04
1.7280E+01	3.7024E+04
1.6560E+01	3.3226E+04
1.5840E+01	2.9466E+04
1.5120E+01	2.5743E+04
1.4400E+01	2.2059E+04
1.3680E+01	1.8416E+04
1.2960E+01	1.4797E+04
1.2240E+01	1.1221E+04
1.1520E+01	7.6888E+03
1.0800E+01	4.1965E+03
1.0080E+01	1.0519E+03
9.3600E+00	-1.8311E+03
8.6400E+00	-4.6163E+03
7.9200E+00	-7.3730E+03
7.2000E+00	-1.0042E+04
6.4800E+00	-1.2045E+04
5.7600E+00	-1.3417E+04
5.0400E+00	-1.4779E+04
4.3200E+00	-1.6133E+04
3.6000E+00	-1.7482E+04
2.8800E+00	-1.8840E+04
2.1600E+00	-2.0192E+04
1.4400E+00	-2.1536E+04
7.2000E-01	-2.2872E+04
-1.2271E-11	-2.4200E+04
-7.2000E-01	-2.5521E+04
-1.4400E+00	-2.6834E+04
-2.1600E+00	-2.8121E+04
-2.8800E+00	-2.9346E+04
-3.6000E+00	-3.0564E+04
-4.3200E+00	-3.1774E+04
-5.0400E+00	-3.2978E+04
-5.7600E+00	-3.4174E+04
-6.4800E+00	-3.5362E+04
-7.2000E+00	-3.7931E+04
-7.9200E+00	-4.0744E+04
-8.6400E+00	-4.3967E+04
-9.3600E+00	-4.8067E+04
-1.0080E+01	-5.2168E+04
-1.0800E+01	-5.6237E+04
-1.1520E+01	-6.0269E+04
-1.2240E+01	-6.4250E+04
-1.2960E+01	-6.8164E+04
-1.3680E+01	-7.2041E+04
-1.4400E+01	-7.5881E+04
-1.5120E+01	-7.9683E+04
-1.5840E+01	-8.3445E+04
-1.6560E+01	-8.7168E+04
-1.7280E+01	-9.0852E+04
-1.8000E+01	-9.4497E+04
-1.8720E+01	-9.8101E+04
-1.9440E+01	-1.0166E+05
-2.0160E+01	-1.0517E+05
-2.0880E+01	-1.0862E+05
-2.1600E+01	-1.1207E+05
-2.2320E+01	-1.1546E+05
-2.3040E+01	-1.1878E+05
-2.3760E+01	-1.2206E+05
-2.4480E+01	-1.2529E+05
-2.5200E+01	-1.2843E+05
-2.5920E+01	-1.3148E+05
-2.6640E+01	-1.3436E+05
-2.7360E+01	-1.3633E+05
-2.8080E+01	-1.3800E+05
-2.8800E+01	-1.3959E+05
-2.9520E+01	-1.4107E+05
-3.0240E+01	-1.4230E+05
-3.0960E+01	-1.4342E+05
-3.1680E+01	-1.4445E+05
-3.2400E+01	-1.4542E+05
-3.3120E+01	-1.4628E+05
-3.3840E+01	-1.4698E+05
-3.4560E+01	-1.4774E+05
-3.5280E+01	-1.4843E+05
-3.6000E+01	-1.4911E+05
-3.5280E+01	-1.4512E+05
-3.4560E+01	-1.4079E+05
-3.3840E+01	-1.3649E+05
-3.3120E+01	-1.3218E+05
-3.2400E+01	-1.2788E+05
-3.1680E+01	-1.2355E+05
-3.0960E+01	-1.1922E+05
-3.0240E+01	-1.1490E+05
-2.9520E+01	-1.1059E+05
-2.8800E+01	-1.0628E+05
-2.8080E+01	-1.0198E+05
-2.7360E+01	-9.7703E+04
-2.6640E+01	-9.3413E+04
-2.5920E+01	-8.9135E+04
-2.5200E+01	-8.4894E+04
-2.4480E+01	-8.0687E+04
-2.3760E+01	-7.6488E+04
-2.3040E+01	-7.2308E+04
-2.2320E+01	-6.8151E+04
-2.1600E+01	-6.4021E+04
-2.0880E+01	-5.9919E+04
-2.0160E+01	-5.5846E+04
-1.9440E+01	-5.1803E+04
-1.8720E+01	-4.7790E+04
-1.8000E+01	-4.3809E+04
-1.7280E+01	-3.9862E+04
-1.6560E+01	-3.5950E+04
-1.5840E+01	-3.2072E+04
-1.5120E+01	-2.8230E+04
-1.4400E+01	-2.4426E+04
-1.3680E+01	-2.0659E+04
-1.2960E+01	-1.6898E+04
-1.2240E+01	-1.3137E+04
-1.1520E+01	-9.6215E+03
-1.0800E+01	-6.5385E+03
-1.0080E+01	-3.4838E+03
-9.3600E+00	-4.4871E+02
-8.6400E+00	2.5764E+03
-7.9200E+00	5.1935E+03
-7.2000E+00	6.5027E+03
-6.4800E+00	7.8020E+03
-5.7600E+00	9.0930E+03
-5.0400E+00	1.0376E+04
-4.3200E+00	1.1650E+04
-3.6000E+00	1.2914E+04
-2.8800E+00	1.4167E+04
-2.1600E+00	1.5411E+04
-1.4400E+00	1.6646E+04
-7.2000E-01	1.7872E+04
2.3683E-11	1.9090E+04
7.2000E-01	2.0370E+04
1.4400E+00	2.1651E+04
2.1600E+00	2.2925E+04
2.8800E+00	2.4188E+04
3.6000E+00	2.5440E+04
4.3200E+00	2.6683E+04
5.0400E+00	2.7915E+04
5.7600E+00	2.9137E+04
6.4800E+00	3.0349E+04
7.2000E+00	3.1552E+04
7.9200E+00	3.2746E+04
8.6400E+00	3.4353E+04
9.3600E+00	3.6651E+04
1.0080E+01	3.8974E+04
1.0800E+01	4.1328E+04
1.1520E+01	4.4350E+04
1.2240E+01	4.7600E+04
1.2960E+01	5.0984E+04
1.3680E+01	5.4341E+04
1.4400E+01	5.7682E+04
1.5120E+01	6.1000E+04
1.5840E+01	6.4229E+04
1.6560E+01	6.7418E+04
1.7280E+01	7.0582E+04
1.8000E+01	7.3729E+04
1.8720E+01	7.6852E+04
1.9440E+01	7.9952E+04
2.0160E+01	8.3024E+04
2.0880E+01	8.6043E+04
2.1600E+01	8.9045E+04
2.2320E+01	9.2023E+04
2.3040E+01	9.4970E+04
2.3760E+01	9.7884E+04
2.4480E+01	1.0076E+05
2.5200E+01	1.0360E+05
2.5920E+01	1.0639E+05
2.6640E+01	1.0913E+05
2.7360E+01	1.1179E+05
2.8080E+01	1.1440E+05
2.8800E+01	1.1693E+05
2.9520E+01	1.1940E+05
3.0240E+01	1.2181E+05
3.0960E+01	1.2415E+05
3.1680E+01	1.2643E+05
3.2400E+01	1.2864E+05
3.3120E+01	1.3082E+05
3.3840E+01	1.3295E+05
3.4560E+01	1.3501E+05
3.5280E+01	1.3699E+05
3.6000E+01	1.3837E+05
3.5280E+01	1.3444E+05
3.4560E+01	1.3021E+05
3.3840E+01	1.2599E+05
3.3120E+01	1.2179E+05
3.2400E+01	1.1758E+05
3.1680E+01	1.1338E+05
3.0960E+01	1.0919E+05
3.0240E+01	1.0502E+05
2.9520E+01	1.0085E+05
2.8800E+01	9.6691E+04
2.8080E+01	9.2538E+04
2.7360E+01	8.8397E+04
2.6640E+01	8.4271E+04
2.5920E+01	8.0169E+04
2.5200E+01	7.6099E+04
2.4480E+01	7.2031E+04
2.3760E+01	6.7985E+04
2.3040E+01	6.3969E+04
2.2320E+01	5.9975E+04
2.1600E+01	5.6008E+04
2.0880E+01	5.2068E+04
2.0160E+01	4.8157E+04
1.9440E+01	4.4280E+04
1.8720E+01	4.0436E+04
1.8000E+01	3.6623E+04
1.7280E+01	3.2842E+04
1.6560E+01	2.9096E+04
1.5840E+01	2.5513E+04
1.5120E+01	2.2991E+04
1.4400E+01	2.0440E+04
1.3680E+01	1.7903E+04
1.2960E+01	1.5386E+04
1.2240E+01	1.3120E+04
1.1520E+01	1.1536E+04
1.0800E+01	9.9798E+03
1.0080E+01	8.4629E+03
9.3600E+00	6.9550E+03
8.6400E+00	5.4562E+03
7.9200E+00	3.9596E+03
7.2000E+00	2.4679E+03
6.4800E+00	9.8561E+02
5.7600E+00	-4.8698E+02
5.0400E+00	-1.9497E+03
4.3200E+00	-3.4015E+03
3.6000E+00	-4.8428E+03
2.8800E+00	-6.2738E+03
2.1600E+00	-7.6943E+03
1.4400E+00	-9.1043E+03
7.2000E-01	-1.0504E+04
-3.4639E-11	-1.1892E+04
-7.2000E-01	-1.3270E+04
-1.4400E+00	-1.4638E+04
-2.1600E+00	-1.5994E+04
-2.8800E+00	-1.7339E+04
-3.6000E+00	-1.8673E+04
-4.3200E+00	-1.9996E+04
-5.0400E+00	-2.1305E+04
-5.7600E+00	-2.2603E+04
-6.4800E+00	-2.3889E+04
-7.2000E+00	-2.5166E+04
-7.9200E+00	-2.6436E+04
-8.6400E+00	-2.7698E+04
-9.3600E+00	-2.8950E+04
-1.0080E+01	-3.0191E+04
-1.0800E+01	-3.1421E+04
-1.1520E+01	-3.3709E+04
-1.2240E+01	-3.6313E+04
-1.2960E+01	-3.8903E+04
-1.3680E+01	-4.1789E+04
-1.4400E+01	-4.5641E+04
-1.5120E+01	-4.9486E+04
-1.5840E+01	-5.3305E+04
-1.6560E+01	-5.7100E+04
-1.7280E+01	-6.0870E+04
-1.8000E+01	-6.4616E+04
-1.8720E+01	-6.8336E+04
-1.9440E+01	-7.2033E+04
-2.0160E+01	-7.5707E+04
-2.0880E+01	-7.9357E+04
-2.1600E+01	-8.2985E+04
-2.2320E+01	-8.6585E+04
-2.3040E+01	-9.0150E+04
-2.3760E+01	-9.3679E+04
-2.4480E+01	-9.7173E+04
-2.5200E+01	-1.0061E+05
-2.5920E+01	-1.0401E+05
-2.6640E+01	-1.0736E+05
-2.7360E+01	-1.1067E+05
-2.8080E+01	-1.1392E+05
-2.8800E+01	-1.1712E+05
-2.9520E+01	-1.2027E+05
-3.0240E+01	-1.2336E+05
-3.0960E+01	-1.2641E+05
-3.1680E+01	-1.2940E+05
-3.2400E+01	-1.3232E+05
-3.3120E+01	-1.3518E+05
-3.3840E+01	-1.3796E+05
-3.4560E+01	-1.4069E+05
-3.5280E+01	-1.4330E+05
-3.6000E+01	-1.4517E+05
-3.5280E+01	-1.4115E+05
-3.4560E+01	-1.3679E+05
-3.3840E+01	-1.3246E+05
-3.3120E+01	-1.2814E+05
-3.2400E+01	-1.2383E+05
-3.1680E+01	-1.1954E+05
-3.0960E+01	-1.1525E+05
-3.0240E+01	-1.1096E+05
-2.9520E+01	-1.0665E+05
-2.8800E+01	-1.0235E+05
-2.8080E+01	-9.8062E+04
-2.7360E+01	-9.3782E+04
-2.6640E+01	-8.9501E+04
-2.5920E+01	-8.5251E+04
-2.5200E+01	-8.1022E+04
-2.4480E+01	-7.6812E+04
-2.3760E+01	-7.2623E+04
-2.3040E+01	-6.8457E+04
-2.2320E+01	-6.4319E+04
-2.1600E+01	-6.0210E+04
-2.0880E+01	-5.6129E+04
-2.0160E+01	-5.2076E+04
-1.9440E+01	-4.8052E+04
-1.8720E+01	-4.4058E+04
-1.8000E+01	-4.0096E+04
-1.7280E+01	-3.6166E+04
-1.6560E+01	-3.2283E+04
-1.5840E+01	-2.9151E+04
-1.5120E+01	-2.6462E+04
-1.4400E+01	-2.3775E+04
-1.3680E+01	-2.1158E+04
-1.2960E+01	-1.9592E+04
-1.2240E+01	-1.8035E+04
-1.1520E+01	-1.6487E+04
-1.0800E+01	-1.4949E+04
-1.0080E+01	-1.3421E+04
-9.3600E+00	-1.1902E+04
-8.6400E+00	-1.0393E+04
-7.9200E+00	-8.8930E+03
-7.2000E+00	-7.4028E+03
-6.4800E+00	-5.9258E+03
-5.7600E+00	-4.4609E+03
-5.0400E+00	-3.0063E+03
-4.3200E+00	-1.5619E+03
-3.6000E+00	-1.2774E+02
-2.8800E+00	1.2952E+03
-2.1600E+00	2.7096E+03
-1.4400E+00	4.1129E+03
-7.2000E-01	5.5057E+03
6.9222E-11	6.8877E+03
1.0800E+00	8.9405E+03
2.1600E+00	1.0969E+04
3.2400E+00	1.2975E+04
4.3200E+00	1.4959E+04
5.4000E+00	1.6920E+04
6.4800E+00	1.8917E+04
7.5600E+00	2.0961E+04
8.6400E+00	2.3094E+04
9.7200E+00	2.5208E+04
1.0800E+01	2.7295E+04
1.1880E+01	3.0530E+04
1.2960E+01	3.4304E+04
1.4040E+01	3.8046E+04
1.5120E+01	4.3212E+04
1.6200E+01	4.8715E+04
1.7280E+01	5.4183E+04
1.8360E+01	5.9594E+04
1.9440E+01	6.4919E+04
2.0520E+01	7.0198E+04
2.1600E+01	7.5441E+04
2.2680E+01	8.0627E+04
2.3760E+01	8.5738E+04
2.4840E+01	9.0802E+04
2.5920E+01	9.5804E+04
2.7000E+01	1.0073E+05
2.8080E+01	1.0554E+05
2.9160E+01	1.1023E+05
3.0240E+01	1.1477E+05
3.1320E+01	1.1916E+05
3.2400E+01	1.2338E+05
3.3480E+01	1.2749E+05
3.4560E+01	1.3149E+05
3.5640E+01	1.3522E+05
3.6720E+01	1.3691E+05
3.7800E+01	1.3818E+05
3.8880E+01	1.3935E+05
3.9960E+01	1.4046E+05
4.1040E+01	1.4152E+05
4.2120E+01	1.4251E+05
4.3200E+01	1.4341E+05
4.4280E+01	1.4426E+05
4.5360E+01	1.4501E+05
4.6440E+01	1.4573E+05
4.7520E+01	1.4642E+05
4.8600E+01	1.4708E+05
4.9680E+01	1.4772E+05
5.0760E+01	1.4832E+05
5.1840E+01	1.4889E+05
5.2920E+01	1.4943E+05
5.4000E+01	1.4995E+05
5.2920E+01	1.4456E+05
5.1840E+01	1.3904E+05
5.0760E+01	1.3353E+05
4.9680E+01	1.2804E+05
4.8600E+01	1.2258E+05
4.7520E+01	1.1715E+05
4.6440E+01	1.1175E+05
4.5360E+01	1.0641E+05
4.4280E+01	1.0113E+05
4.3200E+01	9.5903E+04
4.2120E+01	9.0745E+04
4.1040E+01	8.5692E+04
3.9960E+01	8.0721E+04
3.8880E+01	7.5811E+04
3.7800E+01	7.0961E+04
3.6720E+01	6.6202E+04
3.5640E+01	6.1531E+04
3.4560E+01	5.6947E+04
3.3480E+01	5.2451E+04
3.2400E+01	4.8044E+04
3.1320E+01	4.3724E+04
3.0240E+01	3.9501E+04
2.9160E+01	3.5365E+04
2.8080E+01	3.1312E+04
2.7000E+01	2.7339E+04
2.5920E+01	2.3443E+04
2.4840E+01	1.9623E+04
2.3760E+01	1.5879E+04
2.2680E+01	1.2218E+04
2.1600E+01	8.6298E+03
2.0520E+01	5.1074E+03
1.9440E+01	1.6479E+03
1.8360E+01	-1.7512E+03
1.7280E+01	-5.0921E+03
1.6200E+01	-8.3772E+03
1.5120E+01	-1.1476E+04
1.4040E+01	-1.4367E+04
1.2960E+01	-1.7070E+04
1.1880E+01	-1.9808E+04
1.0800E+01	-2.2553E+04
9.7200E+00	-2.5113E+04
8.6400E+00	-2.6459E+04
7.5600E+00	-2.7735E+04
6.4800E+00	-2.9003E+04
5.4000E+00	-3.0262E+04
4.3200E+00	-3.1512E+04
3.2400E+00	-3.2753E+04
2.1600E+00	-3.3984E+04
1.0800E+00	-3.5206E+04
-8.5789E-11	-3.6419E+04
-1.0800E+00	-3.7622E+04
-2.1600E+00	-3.8814E+04
-3.2400E+00	-3.9993E+04
-4.3200E+00	-4.1158E+04
-5.4000E+00	-4.2312E+04
-6.4800E+00	-4.3447E+04
-7.5600E+00	-4.4565E+04
-8.6400E+00	-4.5672E+04
-9.7200E+00	-4.7685E+04
-1.0800E+01	-5.0705E+04
-1.1880E+01	-5.3732E+04
-1.2960E+01	-5.8086E+04
-1.4040E+01	-6.2593E+04
-1.5120E+01	-6.7036E+04
-1.6200E+01	-7.1425E+04
-1.7280E+01	-7.5754E+04
-1.8360E+01	-8.0032E+04
-1.9440E+01	-8.4262E+04
-2.0520E+01	-8.8439E+04
-2.1600E+01	-9.2567E+04
-2.2680E+01	-9.6645E+04
-2.3760E+01	-1.0067E+05
-2.4840E+01	-1.0463E+05
-2.5920E+01	-1.0851E+05
-2.7000E+01	-1.1228E+05
-2.8080E+01	-1.1596E+05
-2.9160E+01	-1.1949E+05
-3.0240E+01	-1.2288E+05
-3.1320E+01	-1.2613E+05
-3.2400E+01	-1.2926E+05
-3.3480E+01	-1.3224E+05
-3.4560E+01	-1.3504E+05
-3.5640E+01	-1.3771E+05
-3.6720E+01	-1.3964E+05
-3.7800E+01	-1.4137E+05
-3.8880E+01	-1.4302E+05
-3.9960E+01	-1.4457E+05
-4.1040E+01	-1.4605E+05
-4.2120E+01	-1.4747E+05
-4.3200E+01	-1.4880E+05
-4.4280E+01	-1.4989E+05
-4.5360E+01	-1.5090E+05
-4.6440E+01	-1.5186E+05
-4.7520E+01	-1.5279E+05
-4.8600E+01	-1.5367E+05
-4.9680E+01	-1.5452E+05
-5.0760E+01	-1.5533E+05
-5.1840E+01	-1.5612E+05
-5.2920E+01	-1.5686E+05
-5.4000E+01	-1.5753E+05
-5.2920E+01	-1.5204E+05
-5.1840E+01	-1.4634E+05
-5.0760E+01	-1.4066E+05
-4.9680E+01	-1.3500E+05
-4.8600E+01	-1.2936E+05
-4.7520E+01	-1.2374E+05
-4.6440E+01	-1.1817E+05
-4.5360E+01	-1.1266E+05
-4.4280E+01	-1.0721E+05
-4.3200E+01	-1.0180E+05
-4.2120E+01	-9.6442E+04
-4.1040E+01	-9.1153E+04
-3.9960E+01	-8.5934E+04
-3.8880E+01	-8.0789E+04
-3.7800E+01	-7.5723E+04
-3.6720E+01	-7.0725E+04
-3.5640E+01	-6.5797E+04
-3.4560E+01	-6.0952E+04
-3.3480E+01	-5.6192E+04
-3.2400E+01	-5.1516E+04
-3.1320E+01	-4.6924E+04
-3.0240E+01	-4.2415E+04
-2.9160E+01	-3.7988E+04
-2.8080E+01	-3.3648E+04
-2.7000E+01	-2.9398E+04
-2.5920E+01	-2.5228E+04
-2.4840E+01	-2.1134E+04
-2.3760E+01	-1.7114E+04
-2.2680E+01	-1.3167E+04
-2.1600E+01	-9.2916E+03
-2.0520E+01	-5.4861E+03
-1.9440E+01	-1.7489E+03
-1.8360E+01	1.9219E+03
-1.7280E+01	5.5279E+03
-1.6200E+01	8.9534E+03
-1.5120E+01	1.1757E+04
-1.4040E+01	1.4250E+04
-1.2960E+01	1.6608E+04
-1.1880E+01	1.8947E+04
-1.0800E+01	2.1343E+04
-9.7200E+00	2.2721E+04
-8.6400E+00	2.3964E+04
-7.5600E+00	2.5195E+04
-6.4800E+00	2.6414E+04
-5.4000E+00	2.7638E+04
-4.3200E+00	2.8940E+04
-3.2400E+00	3.0228E+04
-2.1600E+00	3.1503E+04
-1.0800E+00	3.2763E+04
1.0301E-10	3.4009E+04
1.0800E+00	3.5242E+04
2.1600E+00	3.6460E+04
3.2400E+00	3.7670E+04
4.3200E+00	3.8869E+04
5.4000E+00	4.0054E+04
6.4800E+00	4.1226E+04
7.5600E+00	4.2394E+04
8.6400E+00	4.3554E+04
9.7200E+00	4.4701E+04
1.0800E+01	4.5837E+04
1.1880E+01	4.7061E+04
1.2960E+01	4.9938E+04
1.4040E+01	5.2567E+04
1.5120E+01	5.5515E+04
1.6200E+01	5.8985E+04
1.7280E+01	6.2430E+04
1.8360E+01	6.6144E+04
1.9440E+01	6.9843E+04
2.0520E+01	7.3529E+04
2.1600E+01	7.7174E+04
2.2680E+01	8.0773E+04
2.3760E+01	8.4300E+04
2.4840E+01	8.7717E+04
2.5920E+01	9.1045E+04
2.7000E+01	9.4247E+04
2.8080E+01	9.7330E+04
2.9160E+01	1.0030E+05
3.0240E+01	1.0311E+05
3.1320E+01	1.0578E+05
3.2400E+01	1.0832E+05
3.3480E+01	1.1076E+05
3.4560E+01	1.1310E+05
3.5640E+01	1.1536E+05
3.6720E+01	1.1755E+05
3.7800E+01	1.1970E+05
3.8880E+01	1.2179E+05
3.9960E+01	1.2384E+05
4.1040E+01	1.2585E+05
4.2120E+01	1.2781E+05
4.3200E+01	1.2974E+05
4.4280E+01	1.3162E+05
4.5360E+01	1.3346E+05
4.6440E+01	1.3524E+05
4.7520E+01	1.3699E+05
4.8600E+01	1.3869E+05
4.9680E+01	1.4036E+05
5.0760E+01	1.4200E+05
5.1840E+01	1.4361E+05
5.2920E+01	1.4518E+05
5.4000E+01	1.4671E+05
5.2920E+01	1.4135E+05
5.1840E+01	1.3580E+05
5.0760E+01	1.3027E+05
4.9680E+01	1.2475E+05
4.8600E+01	1.1926E+05
4.7520E+01	1.1380E+05
4.6440E+01	1.0839E+05
4.5360E+01	1.0304E+05
4.4280E+01	9.7783E+04
4.3200E+01	9.2611E+04
4.2120E+01	8.7501E+04
4.1040E+01	8.2454E+04
3.9960E+01	7.7446E+04
3.8880E+01	7.2517E+04
3.7800E+01	6.7677E+04
3.6720E+01	6.2936E+04
3.5640E+01	5.8278E+04
3.4560E+01	5.3704E+04
3.3480E+01	4.9240E+04
3.2400E+01	4.4863E+04
3.1320E+01	4.0568E+04
3.0240E+01	3.6352E+04
2.9160E+01	3.2216E+04
2.8080E+01	2.8226E+04
2.7000E+01	2.4575E+04
2.5920E+01	2.1585E+04
2.4840E+01	1.9018E+04
2.3760E+01	1.6617E+04
2.2680E+01	1.4246E+04
2.1600E+01	1.2432E+04
2.0520E+01	1.0804E+04
1.9440E+01	9.1921E+03
1.8360E+01	7.5966E+03
1.7280E+01	6.0263E+03
1.6200E+01	4.4785E+03
1.5120E+01	2.9462E+03
1.4040E+01	1.4289E+03
1.2960E+01	-7.3311E+01
1.1880E+01	-1.5608E+03
1.0800E+01	-3.0336E+03
9.7200E+00	-4.5174E+03
8.6400E+00	-5.9941E+03
7.5600E+00	-7.4560E+03
6.4800E+00	-8.9041E+03
5.4000E+00	-1.0342E+04
4.3200E+00	-1.1770E+04
3.2400E+00	-1.3183E+04
2.1600E+00	-1.4584E+04
1.0800E+00	-1.5971E+04
-1.1953E-10	-1.7346E+04
-1.0800E+00	-1.8708E+04
-2.1600E+00	-2.0058E+04
-3.2400E+00	-2.1396E+04
-4.3200E+00	-2.2723E+04
-5.4000E+00	-2.4038E+04
-6.4800E+00	-2.5336E+04
-7.5600E+00	-2.6629E+04
-8.6400E+00	-2.7918E+04
-9.7200E+00	-2.9197E+04
-1.0800E+01	-3.0467E+04
-1.1880E+01	-3.1727E+04
-1.2960E+01	-3.2978E+04
-1.4040E+01	-3.4220E+04
-1.5120E+01	-3.5454E+04
-1.6200E+01	-3.6679E+04
-1.7280E+01	-3.7896E+04
-1.8360E+01	-3.9486E+04
-1.9440E+01	-4.2603E+04
-2.0520E+01	-4.5700E+04
-2.1600E+01	-4.8959E+04
-2.2680E+01	-5.3473E+04
-2.3760E+01	-5.7987E+04
-2.4840E+01	-6.2434E+04
-2.5920E+01	-6.6802E+04
-2.7000E+01	-7.1080E+04
-2.8080E+01	-7.5263E+04
-2.9160E+01	-7.9343E+04
-3.0240E+01	-8.3316E+04
-3.1320E+01	-8.7183E+04
-3.2400E+01	-9.0947E+04
-3.3480E+01	-9.4618E+04
-3.4560E+01	-9.8202E+04
-3.5640E+01	-1.0171E+05
-3.6720E+01	-1.0515E+05
-3.7800E+01	-1.0854E+05
-3.8880E+01	-1.1185E+05
-3.9960E+01	-1.1512E+05
-4.1040E+01	-1.1834E+05
-4.2120E+01	-1.2152E+05
-4.3200E+01	-1.2466E+05
-4.4280E+01	-1.2775E+05
-4.5360E+01	-1.3083E+05
-4.6440E+01	-1.3386E+05
-4.7520E+01	-1.3686E+05
-4.8600E+01	-1.3982E+05
-4.9680E+01	-1.4276E+05
-5.0760E+01	-1.4570E+05
-5.1840E+01	-1.4860E+05
-5.2920E+01	-1.5146E+05
-5.4000E+01	-1.5366E+05
-5.2920E+01	-1.4818E+05
-5.1840E+01	-1.4250E+05
-5.0760E+01	-1.3683E+05
-4.9680E+01	-1.3120E+05
-4.8600E+01	-1.2560E+05
-4.7520E+01	-1.2002E+05
-4.6440E+01	-1.1449E+05
-4.5360E+01	-1.0902E+05
-4.4280E+01	-1.0359E+05
-4.3200E+01	-9.8226E+04
-4.2120E+01	-9.2922E+04
-4.1040E+01	-8.7687E+04
-3.9960E+01	-8.2524E+04
-3.8880E+01	-7.7431E+04
-3.7800E+01	-7.2412E+04
-3.6720E+01	-6.7461E+04
-3.5640E+01	-6.2592E+04
-3.4560E+01	-5.7806E+04
-3.3480E+01	-5.3103E+04
-3.2400E+01	-4.8490E+04
-3.1320E+01	-4.3961E+04
-3.0240E+01	-3.9520E+04
-2.9160E+01	-3.5163E+04
-2.8080E+01	-3.1380E+04
-2.7000E+01	-2.8306E+04
-2.5920E+01	-2.5274E+04
-2.4840E+01	-2.2489E+04
-2.3760E+01	-2.0778E+04
-2.2680E+01	-1.9086E+04
-2.1600E+01	-1.7412E+04
-2.0520E+01	-1.5757E+04
-1.9440E+01	-1.4120E+04
-1.8360E+01	-1.2500E+04
-1.7280E+01	-1.0899E+04
-1.6200E+01	-9.3144E+03
-1.5120E+01	-7.7476E+03
-1.4040E+01	-6.1980E+03
-1.2960E+01	-4.6654E+03
-1.1880E+01	-3.1455E+03
-1.0800E+01	-1.6399E+03
-9.7200E+00	-1.5161E+02
-8.6400E+00	1.3209E+03
-7.5600E+00	2.7837E+03
-6.4800E+00	4.2353E+03
-5.4000E+00	5.6718E+03
-4.3200E+00	7.0935E+03
-3.2400E+00	8.5011E+03
-2.1600E+00	9.8947E+03
-1.0800E+00	1.1275E+04
9.1237E-11	1.2642E+04
7.2000E-01	1.3546E+04
1.4400E+00	1.4445E+04
2.1600E+00	1.5339E+04
2.8800E+00	1.6227E+04
3.6000E+00	1.7111E+04
4.3200E+00	1.7989E+04
5.0400E+00	1.8861E+04
5.7600E+00	1.9729E+04
6.4800E+00	2.0605E+04
7.2000E+00	2.1538E+04
7.9200E+00	2.2466E+04
8.6400E+00	2.3389E+04
9.3600E+00	2.4308E+04
1.0080E+01	2.5222E+04
1.0800E+01	2.6131E+04
1.1520E+01	2.7036E+04
1.2240E+01	2.7937E+04
1.2960E+01	2.8833E+04
1.3680E+01	2.9726E+04
1.4400E+01	3.0615E+04
1.5120E+01	3.1500E+04
1.5840E+01	3.2382E+04
1.6560E+01	3.3261E+04
1.7280E+01	3.4136E+04
1.8000E+01	3.5008E+04
1.8720E+01	3.6711E+04
1.9440E+01	3.8682E+04
2.0160E+01	4.0645E+04
2.0880E+01	4.2544E+04
2.1600E+01	4.4575E+04
2.2320E+01	4.7234E+04
2.3040E+01	4.9876E+04
2.3760E+01	5.2729E+04
2.4480E+01	5.5581E+04
2.5200E+01	5.8404E+04
2.5920E+01	6.1199E+04
2.6640E+01	6.3972E+04
2.7360E+01	6.6680E+04
2.8080E+01	6.9344E+04
2.8800E+01	7.1962E+04
2.9520E+01	7.4541E+04
3.0240E+01	7.7055E+04
3.0960E+01	7.9509E+04
3.1680E+01	8.1911E+04
3.2400E+01	8.4265E+04
3.3120E+01	8.6574E+04
3.3840E+01	8.8840E+04
3.4560E+01	9.1069E+04
3.5280E+01	9.3263E+04
3.6000E+01	9.5427E+04
3.5280E+01	9.1763E+04
3.4560E+01	8.8100E+04
3.3840E+01	8.4438E+04
3.3120E+01	8.0777E+04
3.2400E+01	7.7119E+04
3.1680E+01	7.3470E+04
3.0960E+01	6.9849E+04
3.0240E+01	6.6234E+04
2.9520E+01	6.2627E+04
2.8800E+01	5.9025E+04
2.8080E+01	5.5428E+04
2.7360E+01	5.1867E+04
2.6640E+01	4.8322E+04
2.5920E+01	4.4797E+04
2.5200E+01	4.1392E+04
2.4480E+01	3.8195E+04
2.3760E+01	3.5196E+04
2.3040E+01	3.2760E+04
2.2320E+01	3.0340E+04
2.1600E+01	2.7939E+04
2.0880E+01	2.5733E+04
2.0160E+01	2.3765E+04
1.9440E+01	2.2328E+04
1.8720E+01	2.0900E+04
1.8000E+01	1.9481E+04
1.7280E+01	1.8071E+04
1.6560E+01	1.6671E+04
1.5840E+01	1.5281E+04
1.5120E+01	1.3901E+04
1.4400E+01	1.2532E+04
1.3680E+01	1.1172E+04
1.2960E+01	9.8331E+03
1.2240E+01	8.5237E+03
1.1520E+01	7.2243E+03
1.0800E+01	5.9372E+03
1.0080E+01	4.6732E+03
9.3600E+00	3.4075E+03
8.6400E+00	2.1416E+03
7.9200E+00	8.8609E+02
7.2000E+00	-3.5907E+02
6.4800E+00	-1.5938E+03
5.7600E+00	-2.8180E+03
5.0400E+00	-4.0316E+03
4.3200E+00	-5.2346E+03
3.6000E+00	-6.4270E+03
2.8800E+00	-7.6086E+03
2.1600E+00	-8.7796E+03
1.4400E+00	-9.9398E+03
7.2000E-01	-1.1089E+04
-1.0216E-10	-1.2228E+04
-7.2000E-01	-1.3356E+04
-1.4400E+00	-1.4473E+04
-2.1600E+00	-1.5579E+04
-2.8800E+00	-1.6675E+04
-3.6000E+00	-1.7759E+04
-4.3200E+00	-1.8833E+04
-5.0400E+00	-1.9896E+04
-5.7600E+00	-2.0949E+04
-6.4800E+00	-2.1989E+04
-7.2000E+00	-2.3013E+04
-7.9200E+00	-2.4027E+04
-8.6400E+00	-2.5031E+04
-9.3600E+00	-2.6030E+04
-1.0080E+01	-2.7022E+04
-1.0800E+01	-2.8005E+04
-1.1520E+01	-2.8978E+04
-1.2240E+01	-2.9940E+04
-1.2960E+01	-3.0893E+04
-1.3680E+01	-3.1837E+04
-1.4400E+01	-3.2770E+04
-1.5120E+01	-3.3695E+04
-1.5840E+01	-3.4611E+04
-1.6560E+01	-3.5517E+04
-1.7280E+01	-3.6416E+04
-1.8000E+01	-3.7306E+04
-1.8720E+01	-3.8189E+04
-1.9440E+01	-3.9611E+04
-2.0160E+01	-4.1720E+04
-2.0880E+01	-4.3819E+04
-2.1600E+01	-4.5910E+04
-2.2320E+01	-4.7993E+04
-2.3040E+01	-5.0862E+04
-2.3760E+01	-5.3940E+04
-2.4480E+01	-5.7000E+04
-2.5200E+01	-6.0045E+04
-2.5920E+01	-6.3072E+04
-2.6640E+01	-6.6075E+04
-2.7360E+01	-6.9042E+04
-2.8080E+01	-7.1977E+04
-2.8800E+01	-7.4875E+04
-2.9520E+01	-7.7731E+04
-3.0240E+01	-8.0538E+04
-3.0960E+01	-8.3292E+04
-3.1680E+01	-8.5991E+04
-3.2400E+01	-8.8632E+04
-3.3120E+01	-9.1217E+04
-3.3840E+01	-9.3746E+04
-3.4560E+01	-9.6223E+04
-3.5280E+01	-9.8652E+04
-3.6000E+01	-1.0104E+05
-3.5280E+01	-9.7273E+04
-3.4560E+01	-9.3510E+04
-3.3840E+01	-8.9748E+04
-3.3120E+01	-8.5986E+04
-3.2400E+01	-8.2226E+04
-3.1680E+01	-7.8469E+04
-3.0960E+01	-7.4716E+04
-3.0240E+01	-7.0968E+04
-2.9520E+01	-6.7224E+04
-2.8800E+01	-6.3478E+04
-2.8080E+01	-5.9747E+04
-2.7360E+01	-5.6031E+04
-2.6640E+01	-5.2330E+04
-2.5920E+01	-4.8648E+04
-2.5200E+01	-4.4989E+04
-2.4480E+01	-4.1512E+04
-2.3760E+01	-3.8838E+04
-2.3040E+01	-3.6303E+04
-2.2320E+01	-3.3770E+04
-2.1600E+01	-3.1239E+04
-2.0880E+01	-2.9089E+04
-2.0160E+01	-2.7654E+04
-1.9440E+01	-2.6227E+04
-1.8720E+01	-2.4808E+04
-1.8000E+01	-2.3397E+04
-1.7280E+01	-2.1995E+04
-1.6560E+01	-2.0609E+04
-1.5840E+01	-1.9235E+04
-1.5120E+01	-1.7870E+04
-1.4400E+01	-1.6514E+04
-1.3680E+01	-1.5168E+04
-1.2960E+01	-1.3831E+04
-1.2240E+01	-1.2504E+04
-1.1520E+01	-1.1187E+04
-1.0800E+01	-9.8801E+03
-1.0080E+01	-8.5831E+03
-9.3600E+00	-7.2945E+03
-8.6400E+00	-6.0122E+03
-7.9200E+00	-4.7404E+03
-7.2000E+00	-3.4792E+03
-6.4800E+00	-2.2287E+03
-5.7600E+00	-9.8908E+02
-5.0400E+00	2.3853E+02
-4.3200E+00	1.4546E+03
-3.6000E+00	2.6599E+03
-2.8800E+00	3.8614E+03
-2.1600E+00	5.0521E+03
-1.4400E+00	6.2317E+03
-7.2000E-01	7.4003E+03
1.1374E-10	8.5578E+03
7.2000E-01	9.7041E+03
1.4400E+00	1.0839E+04
2.1600E+00	1.1963E+04
2.8800E+00	1.3076E+04
3.6000E+00	1.4178E+04
4.3200E+00	1.5268E+04
5.0400E+00	1.6347E+04
5.7600E+00	1.7415E+04
6.4800E+00	1.8504E+04
7.2000E+00	1.9625E+04
7.9200E+00	2.0736E+04
8.6400E+00	2.1837E+04
9.3600E+00	2.2928E+04
1.0080E+01	2.4009E+04
1.0800E+01	2.5081E+04
1.1520E+01	2.6142E+04
1.2240E+01	2.7194E+04
1.2960E+01	2.8236E+04
1.3680E+01	2.9268E+04
1.4400E+01	3.0291E+04
1.5120E+01	3.1304E+04
1.5840E+01	3.2308E+04
1.6560E+01	3.3302E+04
1.7280E+01	3.4286E+04
1.8000E+01	3.5526E+04
1.8720E+01	3.7484E+04
1.9440E+01	3.9526E+04
2.0160E+01	4.1521E+04
2.0880E+01	4.3483E+04
2.1600E+01	4.5574E+04
2.2320E+01	4.8273E+04
2.3040E+01	5.0961E+04
2.3760E+01	5.3891E+04
2.4480E+01	5.6800E+04
2.5200E+01	5.9687E+04
2.5920E+01	6.2561E+04
2.6640E+01	6.5417E+04
2.7360E+01	6.8225E+04
2.8080E+01	7.0973E+04
2.8800E+01	7.3681E+04
2.9520E+01	7.6336E+04
3.0240E+01	7.8933E+04
3.0960E+01	8.1467E+04
3.1680E+01	8.3920E+04
3.2400E+01	8.6309E+04
3.3120E+01	8.8637E+04
3.3840E+01	9.0910E+04
3.4560E+01	9.3133E+04
3.5280E+01	9.5314E+04
3.6000E+01	9.7456E+04
3.5280E+01	9.3789E+04
3.4560E+01	9.0125E+04
3.3840E+01	8.6463E+04
3.3120E+01	8.2801E+04
3.2400E+01	7.9142E+04
3.1680E+01	7.5494E+04
3.0960E+01	7.1858E+04
3.0240E+01	6.8238E+04
2.9520E+01	6.4624E+04
2.8800E+01	6.1011E+04
2.8080E+01	5.7394E+04
2.7360E+01	5.3808E+04
2.6640E+01	5.0247E+04
2.5920E+01	4.6687E+04
2.5200E+01	4.3162E+04
2.4480E+01	3.9942E+04
2.3760E+01	3.6779E+04
2.3040E+01	3.4322E+04
2.2320E+01	3.1879E+04
2.1600E+01	2.9452E+04
2.0880E+01	2.7152E+04
2.0160E+01	2.5021E+04
1.9440E+01	2.3265E+04
1.8720E+01	2.1820E+04
1.8000E+01	2.0383E+04
1.7280E+01	1.8954E+04
1.6560E+01	1.7533E+04
1.5840E+01	1.6121E+04
1.5120E+01	1.4718E+04
1.4400E+01	1.3324E+04
1.3680E+01	1.1939E+04
1.2960E+01	1.0563E+04
1.2240E+01	9.1971E+03
1.1520E+01	7.8405E+03
1.0800E+01	6.4970E+03
1.0080E+01	5.1741E+03
9.3600E+00	3.8674E+03
8.6400E+00	2.5705E+03
7.9200E+00	1.2828E+03
7.2000E+00	4.4832E+00
6.4800E+00	-1.2641E+03
5.7600E+00	-2.5229E+03
5.0400E+00	-3.7716E+03
4.3200E+00	-5.0102E+03
3.6000E+00	-6.2384E+03
2.8800E+00	-7.4562E+03
2.1600E+00	-8.6633E+03
1.4400E+00	-9.8597E+03
7.2000E-01	-1.1045E+04
-1.2466E-10	-1.2220E+04
-7.2000E-01	-1.3383E+04
-1.4400E+00	-1.4535E+04
-2.1600E+00	-1.5676E+04
-2.8800E+00	-1.6805E+04
-3.6000E+00	-1.7922E+04
-4.3200E+00	-1.9028E+04
-5.0400E+00	-2.0122E+04
-5.7600E+00	-2.1204E+04
-6.4800E+00	-2.2270E+04
-7.2000E+00	-2.3321E+04
-7.9200E+00	-2.4361E+04
-8.6400E+00	-2.5389E+04
-9.3600E+00	-2.6406E+04
-1.0080E+01	-2.7411E+04
-1.0800E+01	-2.8411E+04
-1.1520E+01	-2.9403E+04
-1.2240E+01	-3.0383E+04
-1.2960E+01	-3.1352E+04
-1.3680E+01	-3.2310E+04
-1.4400E+01	-3.3258E+04
-1.5120E+01	-3.4194E+04
-1.5840E+01	-3.5121E+04
-1.6560E+01	-3.6037E+04
-1.7280E+01	-3.6944E+04
-1.8000E+01	-3.7842E+04
-1.8720E+01	-3.8736E+04
-1.9440E+01	-4.0864E+04
-2.0160E+01	-4.2981E+04
-2.0880E+01	-4.5087E+04
-2.1600E+01	-4.7184E+04
-2.2320E+01	-4.9534E+04
-2.3040E+01	-5.2621E+04
-2.3760E+01	-5.5701E+04
-2.4480E+01	-5.8764E+04
-2.5200E+01	-6.1812E+04
-2.5920E+01	-6.4844E+04
-2.6640E+01	-6.7850E+04
-2.7360E+01	-7.0826E+04
-2.8080E+01	-7.3774E+04
-2.8800E+01	-7.6692E+04
-2.9520E+01	-7.9569E+04
-3.0240E+01	-8.2402E+04
-3.0960E+01	-8.5184E+04
-3.1680E+01	-8.7910E+04
-3.2400E+01	-9.0578E+04
-3.3120E+01	-9.3186E+04
-3.3840E+01	-9.5734E+04
-3.4560E+01	-9.8223E+04
-3.5280E+01	-1.0066E+05
-3.6000E+01	-1.0305E+05
-3.5280E+01	-9.9280E+04
-3.4560E+01	-9.5517E+04
-3.3840E+01	-9.1755E+04
-3.3120E+01	-8.7993E+04
-3.2400E+01	-8.4232E+04
-3.1680E+01	-8.0474E+04
-3.0960E+01	-7.6720E+04
-3.0240E+01	-7.2970E+04
-2.9520E+01	-6.9226E+04
-2.8800E+01	-6.5480E+04
-2.8080E+01	-6.1742E+04
-2.7360E+01	-5.8018E+04
-2.6640E+01	-5.4308E+04
-2.5920E+01	-5.0614E+04
-2.5200E+01	-4.6939E+04
-2.4480E+01	-4.3289E+04
-2.3760E+01	-4.0224E+04
-2.3040E+01	-3.7677E+04
-2.2320E+01	-3.5142E+04
-2.1600E+01	-3.2603E+04
-2.0880E+01	-3.0072E+04
-2.0160E+01	-2.8336E+04
-1.9440E+01	-2.6901E+04
-1.8720E+01	-2.5473E+04
-1.8000E+01	-2.4053E+04
-1.7280E+01	-2.2647E+04
-1.6560E+01	-2.1253E+04
-1.5840E+01	-1.9868E+04
-1.5120E+01	-1.8491E+04
-1.4400E+01	-1.7124E+04
-1.3680E+01	-1.5766E+04
-1.2960E+01	-1.4417E+04
-1.2240E+01	-1.3077E+04
-1.1520E+01	-1.1747E+04
-1.0800E+01	-1.0427E+04
-1.0080E+01	-9.1164E+03
-9.3600E+00	-7.8161E+03
-8.6400E+00	-6.5208E+03
-7.9200E+00	-5.2350E+03
-7.2000E+00	-3.9597E+03
-6.4800E+00	-2.6950E+03
-5.7600E+00	-1.4423E+03
-5.0400E+00	-2.0036E+02
-4.3200E+00	1.0321E+03
-3.6000E+00	2.2601E+03
-2.8800E+00	3.4769E+03
-2.1600E+00	4.6824E+03
-1.4400E+00	5.8766E+03
-7.2000E-01	7.0594E+03
2.0430E-10	8.2307E+03
1.0800E+00	9.9660E+03
2.1600E+00	1.1675E+04
3.2400E+00	1.3359E+04
4.3200E+00	1.5016E+04
5.4000E+00	1.6684E+04
6.4800E+00	1.8399E+04
7.5600E+00	2.0092E+04
8.6400E+00	2.1761E+04
9.7200E+00	2.3408E+04
1.0800E+01	2.5033E+04
1.1880E+01	2.6636E+04
1.2960E+01	2.8215E+04
1.4040E+01	2.9773E+04
1.5120E+01	3.1309E+04
1.6200E+01	3.2821E+04
1.7280E+01	3.4310E+04
1.8360E+01	3.6916E+04
1.9440E+01	3.9986E+04
2.0520E+01	4.2944E+04
2.1600E+01	4.6178E+04
2.2680E+01	5.0221E+04
2.3760E+01	5.4556E+04
2.4840E+01	5.8914E+04
2.5920E+01	6.3238E+04
2.7000E+01	6.7514E+04
2.8080E+01	7.1676E+04
2.9160E+01	7.5726E+04
3.0240E+01	7.9650E+04
3.1320E+01	8.3435E+04
3.2400E+01	8.7042E+04
3.3480E+01	9.0511E+04
3.4560E+01	9.3858E+04
3.5640E+01	9.7105E+04
3.6720E+01	1.0027E+05
3.7800E+01	1.0337E+05
3.8880E+01	1.0642E+05
3.9960E+01	1.0944E+05
4.1040E+01	1.1242E+05
4.2120E+01	1.1538E+05
4.3200E+01	1.1830E+05
4.4280E+01	1.2119E+05
4.5360E+01	1.2405E+05
4.6440E+01	1.2689E+05
4.7520E+01	1.2969E+05
4.8600E+01	1.3246E+05
4.9680E+01	1.3521E+05
5.0760E+01	1.3793E+05
5.1840E+01	1.4061E+05
5.2920E+01	1.4328E+05
5.4000E+01	1.4533E+05
5.2920E+01	1.3999E+05
5.1840E+01	1.3444E+05
5.0760E+01	1.2891E+05
4.9680E+01	1.2340E+05
4.8600E+01	1.1791E+05
4.7520E+01	1.1245E+05
4.6440E+01	1.0704E+05
4.5360E+01	1.0171E+05
4.4280E+01	9.6442E+04
4.3200E+01	9.1253E+04
4.2120E+01	8.6128E+04
4.1040E+01	8.1064E+04
3.9960E+01	7.6032E+04
3.8880E+01	7.1101E+04
3.7800E+01	6.6246E+04
3.6720E+01	6.1472E+04
3.5640E+01	5.6779E+04
3.4560E+01	5.2197E+04
3.3480E+01	4.7705E+04
3.2400E+01	4.3296E+04
3.1320E+01	3.8969E+04
3.0240E+01	3.4723E+04
2.9160E+01	3.0717E+04
2.8080E+01	2.7166E+04
2.7000E+01	2.4318E+04
2.5920E+01	2.1798E+04
2.4840E+01	1.9338E+04
2.3760E+01	1.6908E+04
2.2680E+01	1.4773E+04
2.1600E+01	1.3104E+04
2.0520E+01	1.1451E+04
1.9440E+01	9.8138E+03
1.8360E+01	8.1925E+03
1.7280E+01	6.5977E+03
1.6200E+01	5.0243E+03
1.5120E+01	3.4657E+03
1.4040E+01	1.9220E+03
1.2960E+01	3.9289E+02
1.1880E+01	-1.1380E+03
1.0800E+01	-2.6739E+03
9.7200E+00	-4.1949E+03
8.6400E+00	-5.7002E+03
7.5600E+00	-7.1901E+03
6.4800E+00	-8.6653E+03
5.4000E+00	-1.0130E+04
4.3200E+00	-1.1582E+04
3.2400E+00	-1.3022E+04
2.1600E+00	-1.4447E+04
1.0800E+00	-1.5858E+04
-2.2084E-10	-1.7256E+04
-1.0800E+00	-1.8639E+04
-2.1600E+00	-2.0009E+04
-3.2400E+00	-2.1366E+04
-4.3200E+00	-2.2710E+04
-5.4000E+00	-2.4042E+04
-6.4800E+00	-2.5359E+04
-7.5600E+00	-2.6656E+04
-8.6400E+00	-2.7942E+04
-9.7200E+00	-2.9216E+04
-1.0800E+01	-3.0479E+04
-1.1880E+01	-3.1744E+04
-1.2960E+01	-3.3000E+04
-1.4040E+01	-3.4245E+04
-1.5120E+01	-3.5480E+04
-1.6200E+01	-3.6706E+04
-1.7280E+01	-3.7923E+04
-1.8360E+01	-3.9131E+04
-1.9440E+01	-4.0906E+04
-2.0520E+01	-4.4006E+04
-2.1600E+01	-4.7088E+04
-2.2680E+01	-5.0601E+04
-2.3760E+01	-5.5167E+04
-2.4840E+01	-5.9693E+04
-2.5920E+01	-6.4171E+04
-2.7000E+01	-6.8594E+04
-2.8080E+01	-7.2947E+04
-2.9160E+01	-7.7220E+04
-3.0240E+01	-8.1403E+04
-3.1320E+01	-8.5479E+04
-3.2400E+01	-8.9439E+04
-3.3480E+01	-9.3282E+04
-3.4560E+01	-9.7011E+04
-3.5640E+01	-1.0063E+05
-3.6720E+01	-1.0416E+05
-3.7800E+01	-1.0760E+05
-3.8880E+01	-1.1096E+05
-3.9960E+01	-1.1425E+05
-4.1040E+01	-1.1748E+05
-4.2120E+01	-1.2067E+05
-4.3200E+01	-1.2380E+05
-4.4280E+01	-1.2689E+05
-4.5360E+01	-1.2996E+05
-4.6440E+01	-1.3299E+05
-4.7520E+01	-1.3599E+05
-4.8600E+01	-1.3897E+05
-4.9680E+01	-1.4191E+05
-5.0760E+01	-1.4484E+05
-5.1840E+01	-1.4774E+05
-5.2920E+01	-1.5062E+05
-5.4000E+01	-1.5315E+05
-5.2920E+01	-1.4767E+05
-5.1840E+01	-1.4199E+05
-5.0760E+01	-1.3634E+05
-4.9680E+01	-1.3071E+05
-4.8600E+01	-1.2510E+05
-4.7520E+01	-1.1950E+05
-4.6440E+01	-1.1395E+05
-4.5360E+01	-1.0844E+05
-4.4280E+01	-1.0298E+05
-4.3200E+01	-9.7581E+04
-4.2120E+01	-9.2240E+04
-4.1040E+01	-8.6966E+04
-3.9960E+01	-8.1760E+04
-3.8880E+01	-7.6627E+04
-3.7800E+01	-7.1551E+04
-3.6720E+01	-6.6549E+04
-3.5640E+01	-6.1630E+04
-3.4560E+01	-5.6807E+04
-3.3480E+01	-5.2075E+04
-3.2400E+01	-4.7427E+04
-3.1320E+01	-4.2862E+04
-3.0240E+01	-3.8381E+04
-2.9160E+01	-3.4098E+04
-2.8080E+01	-3.0693E+04
-2.7000E+01	-2.7591E+04
-2.5920E+01	-2.4532E+04
-2.4840E+01	-2.2497E+04
-2.3760E+01	-2.0773E+04
-2.2680E+01	-1.9067E+04
-2.1600E+01	-1.7381E+04
-2.0520E+01	-1.5713E+04
-1.9440E+01	-1.4064E+04
-1.8360E+01	-1.2433E+04
-1.7280E+01	-1.0821E+04
-1.6200E+01	-9.2275E+03
-1.5120E+01	-7.6525E+03
-1.4040E+01	-6.0958E+03
-1.2960E+01	-4.5570E+03
-1.1880E+01	-3.0312E+03
-1.0800E+01	-1.5207E+03
-9.7200E+00	-2.7059E+01
-8.6400E+00	1.4502E+03
-7.5600E+00	2.9113E+03
-6.4800E+00	4.3568E+03
-5.4000E+00	5.7873E+03
-4.3200E+00	7.2033E+03
-3.2400E+00	8.6048E+03
-2.1600E+00	9.9923E+03
-1.0800E+00	1.1366E+04
2.3806E-10	1.2727E+04
1.0800E+00	1.4075E+04
2.1600E+00	1.5410E+04
3.2400E+00	1.6734E+04
4.3200E+00	1.8046E+04
5.4000E+00	1.9347E+04
6.4800E+00	2.0637E+04
7.5600E+00	2.1997E+04
8.6400E+00	2.3387E+04
9.7200E+00	2.4765E+04
1.0800E+01	2.6128E+04
1.1880E+01	2.7482E+04
1.2960E+01	2.8826E+04
1.4040E+01	3.0161E+04
1.5120E+01	3.1488E+04
1.6200E+01	3.2806E+04
1.7280E+01	3.4119E+04
1.8360E+01	3.5511E+04
1.9440E+01	3.8062E+04
2.0520E+01	4.0923E+04
2.1600E+01	4.3720E+04
2.2680E+01	4.7191E+04
2.3760E+01	5.1166E+04
2.4840E+01	5.5444E+04
2.5920E+01	5.9657E+04
2.7000E+01	6.3805E+04
2.8080E+01	6.7858E+04
2.9160E+01	7.1794E+04
3.0240E+01	7.5623E+04
3.1320E+01	7.9339E+04
3.2400E+01	8.2913E+04
3.3480E+01	8.6380E+04
3.4560E+01	8.9751E+04
3.5640E+01	9.3041E+04
3.6720E+01	9.6263E+04
3.7800E+01	9.9431E+04
3.8880E+01	1.0255E+05
3.9960E+01	1.0564E+05
4.1040E+01	1.0869E+05
4.2120E+01	1.1172E+05
4.3200E+01	1.1472E+05
4.4280E+01	1.1771E+05
4.5360E+01	1.2066E+05
4.6440E+01	1.2359E+05
4.7520E+01	1.2650E+05
4.8600E+01	1.2938E+05
4.9680E+01	1.3223E+05
5.0760E+01	1.3505E+05
5.1840E+01	1.3784E+05
5.2920E+01	1.4062E+05
5.4000E+01	1.4295E+05
5.2920E+01	1.3761E+05
5.1840E+01	1.3207E+05
5.0760E+01	1.2654E+05
4.9680E+01	1.2103E+05
4.8600E+01	1.1556E+05
4.7520E+01	1.1012E+05
4.6440E+01	1.0476E+05
4.5360E+01	9.9445E+04
4.4280E+01	9.4213E+04
4.3200E+01	8.9049E+04
4.2120E+01	8.3947E+04
4.1040E+01	7.8900E+04
3.9960E+01	7.3920E+04
3.8880E+01	6.9016E+04
3.7800E+01	6.4190E+04
3.6720E+01	5.9445E+04
3.5640E+01	5.4802E+04
3.4560E+01	5.0258E+04
3.3480E+01	4.5796E+04
3.2400E+01	4.1418E+04
3.1320E+01	3.7122E+04
3.0240E+01	3.2957E+04
2.9160E+01	2.9202E+04
2.8080E+01	2.6018E+04
2.7000E+01	2.3291E+04
2.5920E+01	2.0852E+04
2.4840E+01	1.8444E+04
2.3760E+01	1.6223E+04
2.2680E+01	1.4564E+04
2.1600E+01	1.2923E+04
2.0520E+01	1.1299E+04
1.9440E+01	9.6909E+03
1.8360E+01	8.1001E+03
1.7280E+01	6.5258E+03
1.6200E+01	4.9679E+03
1.5120E+01	3.4262E+03
1.4040E+01	1.8904E+03
1.2960E+01	3.4814E+02
1.1880E+01	-1.1778E+03
1.0800E+01	-2.6871E+03
9.7200E+00	-4.1797E+03
8.6400E+00	-5.6567E+03
7.5600E+00	-7.1183E+03
6.4800E+00	-8.5648E+03
5.4000E+00	-1.0001E+04
4.3200E+00	-1.1426E+04
3.2400E+00	-1.2836E+04
2.1600E+00	-1.4232E+04
1.0800E+00	-1.5616E+04
-2.1623E-10	-1.6986E+04
-1.0800E+00	-1.8345E+04
-2.1600E+00	-1.9691E+04
-3.2400E+00	-2.1025E+04
-4.3200E+00	-2.2347E+04
-5.4000E+00	-2.3659E+04
-6.4800E+00	-2.4963E+04
-7.5600E+00	-2.6261E+04
-8.6400E+00	-2.7544E+04
-9.7200E+00	-2.8817E+04
-1.0800E+01	-3.0080E+04
-1.1880E+01	-3.1333E+04
-1.2960E+01	-3.2578E+04
-1.4040E+01	-3.3814E+04
-1.5120E+01	-3.5041E+04
-1.6200E+01	-3.6260E+04
-1.7280E+01	-3.7471E+04
-1.8360E+01	-3.8674E+04
-1.9440E+01	-3.9870E+04
-2.0520E+01	-4.1665E+04
-2.1600E+01	-4.4749E+04
-2.2680E+01	-4.7817E+04
-2.3760E+01	-5.1677E+04
-2.4840E+01	-5.6221E+04
-2.5920E+01	-6.0718E+04
-2.7000E+01	-6.5157E+04
-2.8080E+01	-6.9522E+04
-2.9160E+01	-7.3800E+04
-3.0240E+01	-7.7988E+04
-3.1320E+01	-8.2073E+04
-3.2400E+01	-8.6046E+04
-3.3480E+01	-8.9905E+04
-3.4560E+01	-9.3655E+04
-3.5640E+01	-9.7305E+04
-3.6720E+01	-1.0087E+05
-3.7800E+01	-1.0435E+05
-3.8880E+01	-1.0777E+05
-3.9960E+01	-1.1114E+05
-4.1040E+01	-1.1445E+05
-4.2120E+01	-1.1772E+05
-4.3200E+01	-1.2095E+05
-4.4280E+01	-1.2414E+05
-4.5360E+01	-1.2730E+05
-4.6440E+01	-1.3044E+05
-4.7520E+01	-1.3355E+05
-4.8600E+01	-1.3662E+05
-4.9680E+01	-1.3966E+05
-5.0760E+01	-1.4266E+05
-5.1840E+01	-1.4565E+05
-5.2920E+01	-1.4862E+05
-5.4000E+01	-1.5121E+05
-5.2920E+01	-1.4575E+05
-5.1840E+01	-1.4008E+05
-5.0760E+01	-1.3443E+05
-4.9680E+01	-1.2880E+05
-4.8600E+01	-1.2319E+05
-4.7520E+01	-1.1761E+05
-4.6440E+01	-1.1204E+05
-4.5360E+01	-1.0655E+05
-4.4280E+01	-1.0111E+05
-4.3200E+01	-9.5718E+04
-4.2120E+01	-9.0394E+04
-4.1040E+01	-8.5137E+04
-3.9960E+01	-7.9950E+04
-3.8880E+01	-7.4833E+04
-3.7800E+01	-6.9776E+04
-3.6720E+01	-6.4799E+04
-3.5640E+01	-5.9906E+04
-3.4560E+01	-5.5112E+04
-3.3480E+01	-5.0405E+04
-3.2400E+01	-4.5783E+04
-3.1320E+01	-4.1246E+04
-3.0240E+01	-3.6791E+04
-2.9160E+01	-3.2799E+04
-2.8080E+01	-2.9667E+04
-2.7000E+01	-2.6579E+04
-2.5920E+01	-2.3996E+04
-2.4840E+01	-2.2258E+04
-2.3760E+01	-2.0539E+04
-2.2680E+01	-1.8838E+04
-2.1600E+01	-1.7156E+04
-2.0520E+01	-1.5493E+04
-1.9440E+01	-1.3848E+04
-1.8360E+01	-1.2223E+04
-1.7280E+01	-1.0615E+04
-1.6200E+01	-9.0262E+03
-1.5120E+01	-7.4555E+03
-1.4040E+01	-5.9033E+03
-1.2960E+01	-4.3681E+03
-1.1880E+01	-2.8449E+03
-1.0800E+01	-1.3388E+03
-9.7200E+00	1.5053E+02
-8.6400E+00	1.6234E+03
-7.5600E+00	3.0803E+03
-6.4800E+00	4.5214E+03
-5.4000E+00	5.9479E+03
-4.3200E+00	7.3595E+03
-3.2400E+00	8.7566E+03
-2.1600E+00	1.0140E+04
-1.0800E+00	1.1509E+04
2.6006E-10	1.2865E+04
1.4400E+00	1.4653E+04
2.8800E+00	1.6420E+04
4.3200E+00	1.8165E+04
5.7600E+00	1.9890E+04
7.2000E+00	2.1596E+04
8.6400E+00	2.3359E+04
1.0080E+01	2.5181E+04
1.1520E+01	2.6985E+04
1.2960E+01	2.8772E+04
1.4400E+01	3.0543E+04
1.5840E+01	3.2299E+04
1.7280E+01	3.4042E+04
1.8720E+01	3.5772E+04
2.0160E+01	3.9212E+04
2.1600E+01	4.2972E+04
2.3040E+01	4.7286E+04
2.4480E+01	5.2657E+04
2.5920E+01	5.8300E+04
2.7360E+01	6.3813E+04
2.8800E+01	6.9149E+04
3.0240E+01	7.4302E+04
3.1680E+01	7.9213E+04
3.3120E+01	8.3924E+04
3.4560E+01	8.8455E+04
3.6000E+01	9.2838E+04
3.7440E+01	9.7106E+04
3.8880E+01	1.0129E+05
4.0320E+01	1.0540E+05
4.1760E+01	1.0947E+05
4.3200E+01	1.1350E+05
4.4640E+01	1.1749E+05
4.6080E+01	1.2145E+05
4.7520E+01	1.2537E+05
4.8960E+01	1.2925E+05
5.0400E+01	1.3309E+05
5.1840E+01	1.3687E+05
5.3280E+01	1.4063E+05
5.4720E+01	1.4290E+05
5.6160E+01	1.4427E+05
5.7600E+01	1.4556E+05
5.9040E+01	1.4679E+05
6.0480E+01	1.4798E+05
6.1920E+01	1.4912E+05
6.3360E+01	1.5005E+05
6.4800E+01	1.5088E+05
6.6240E+01	1.5165E+05
6.7680E+01	1.5238E+05
6.9120E+01	1.5306E+05
7.0560E+01	1.5369E+05
7.2000E+01	1.5426E+05
7.0560E+01	1.4756E+05
6.9120E+01	1.4076E+05
6.7680E+01	1.3400E+05
6.6240E+01	1.2730E+05
6.4800E+01	1.2069E+05
6.3360E+01	1.1419E+05
6.1920E+01	1.0787E+05
6.0480E+01	1.0167E+05
5.9040E+01	9.5613E+04
5.7600E+01	8.9677E+04
5.6160E+01	8.3871E+04
5.4720E+01	7.8232E+04
5.3280E+01	7.2741E+04
5.1840E+01	6.7398E+04
5.0400E+01	6.2200E+04
4.8960E+01	5.7150E+04
4.7520E+01	5.2261E+04
4.6080E+01	4.7502E+04
4.4640E+01	4.2869E+04
4.3200E+01	3.8358E+04
4.1760E+01	3.3961E+04
4.0320E+01	2.9674E+04
3.8880E+01	2.5492E+04
3.7440E+01	2.1416E+04
3.6000E+01	1.7438E+04
3.4560E+01	1.3551E+04
3.3120E+01	9.8182E+03
3.1680E+01	6.1925E+03
3.0240E+01	2.6401E+03
2.8800E+01	-8.4160E+02
2.7360E+01	-4.2547E+03
2.5920E+01	-7.6144E+03
2.4480E+01	-1.0711E+04
2.3040E+01	-1.3711E+04
2.1600E+01	-1.6379E+04
2.0160E+01	-1.9089E+04
1.8720E+01	-2.1754E+04
1.7280E+01	-2.4120E+04
1.5840E+01	-2.6232E+04
1.4400E+01	-2.7586E+04
1.2960E+01	-2.8925E+04
1.1520E+01	-3.0260E+04
1.0080E+01	-3.1585E+04
8.6400E+00	-3.2894E+04
7.2000E+00	-3.4188E+04
5.7600E+00	-3.5466E+04
4.3200E+00	-3.6726E+04
2.8800E+00	-3.7972E+04
1.4400E+00	-3.9203E+04
-2.3107E-10	-4.0417E+04
-1.4400E+00	-4.1617E+04
-2.8800E+00	-4.2804E+04
-4.3200E+00	-4.3978E+04
-5.7600E+00	-4.5140E+04
-7.2000E+00	-4.6279E+04
-8.6400E+00	-4.7405E+04
-1.0080E+01	-4.8520E+04
-1.1520E+01	-4.9623E+04
-1.2960E+01	-5.0716E+04
-1.4400E+01	-5.1799E+04
-1.5840E+01	-5.4364E+04
-1.7280E+01	-5.7745E+04
-1.8720E+01	-6.1026E+04
-2.0160E+01	-6.5762E+04
-2.1600E+01	-7.0761E+04
-2.3040E+01	-7.5703E+04
-2.4480E+01	-8.0579E+04
-2.5920E+01	-8.5386E+04
-2.7360E+01	-9.0092E+04
-2.8800E+01	-9.4688E+04
-3.0240E+01	-9.9139E+04
-3.1680E+01	-1.0340E+05
-3.3120E+01	-1.0743E+05
-3.4560E+01	-1.1121E+05
-3.6000E+01	-1.1475E+05
-3.7440E+01	-1.1811E+05
-3.8880E+01	-1.2131E+05
-4.0320E+01	-1.2441E+05
-4.1760E+01	-1.2741E+05
-4.3200E+01	-1.3037E+05
-4.4640E+01	-1.3327E+05
-4.6080E+01	-1.3611E+05
-4.7520E+01	-1.3889E+05
-4.8960E+01	-1.4162E+05
-5.0400E+01	-1.4425E+05
-5.1840E+01	-1.4680E+05
-5.3280E+01	-1.4923E+05
-5.4720E+01	-1.5134E+05
-5.6160E+01	-1.5296E+05
-5.7600E+01	-1.5448E+05
-5.9040E+01	-1.5585E+05
-6.0480E+01	-1.5696E+05
-6.1920E+01	-1.5780E+05
-6.3360E+01	-1.5851E+05
-6.4800E+01	-1.5914E+05
-6.6240E+01	-1.5966E+05
-6.7680E+01	-1.6008E+05
-6.9120E+01	-1.6038E+05
-7.0560E+01	-1.6047E+05
-7.2000E+01	-1.6091E+05
-7.0560E+01	-1.5422E+05
-6.9120E+01	-1.4745E+05
-6.7680E+01	-1.4075E+05
-6.6240E+01	-1.3407E+05
-6.4800E+01	-1.2749E+05
-6.3360E+01	-1.2102E+05
-6.1920E+01	-1.1463E+05
-6.0480E+01	-1.0835E+05
-5.9040E+01	-1.0220E+05
-5.7600E+01	-9.6163E+04
-5.6160E+01	-9.0245E+04
-5.4720E+01	-8.4456E+04
-5.3280E+01	-7.8788E+04
-5.1840E+01	-7.3246E+04
-5.0400E+01	-6.7831E+04
-4.8960E+01	-6.2551E+04
-4.7520E+01	-5.7400E+04
-4.6080E+01	-5.2371E+04
-4.4640E+01	-4.7459E+04
-4.3200E+01	-4.2643E+04
-4.1760E+01	-3.7931E+04
-4.0320E+01	-3.3332E+04
-3.8880E+01	-2.8844E+04
-3.7440E+01	-2.4467E+04
-3.6000E+01	-2.0179E+04
-3.4560E+01	-1.5976E+04
-3.3120E+01	-1.1869E+04
-3.1680E+01	-7.8568E+03
-3.0240E+01	-3.9359E+03
-2.8800E+01	-2.1408E+02
-2.7360E+01	3.2237E+03
-2.5920E+01	6.0477E+03
-2.4480E+01	8.6442E+03
-2.3040E+01	1.1199E+04
-2.1600E+01	1.3795E+04
-2.0160E+01	1.6384E+04
-1.8720E+01	1.8837E+04
-1.7280E+01	2.1242E+04
-1.5840E+01	2.3148E+04
-1.4400E+01	2.4491E+04
-1.2960E+01	2.5820E+04
-1.1520E+01	2.7133E+04
-1.0080E+01	2.8430E+04
-8.6400E+00	2.9711E+04
-7.2000E+00	3.0995E+04
-5.7600E+00	3.2374E+04
-4.3200E+00	3.3738E+04
-2.8800E+00	3.5083E+04
-1.4400E+00	3.6410E+04
2.0276E-10	3.7721E+04
1.4400E+00	3.9017E+04
2.8800E+00	4.0304E+04
4.3200E+00	4.1577E+04
5.7600E+00	4.2834E+04
7.2000E+00	4.4075E+04
8.6400E+00	4.5303E+04
1.0080E+01	4.6521E+04
1.1520E+01	4.7728E+04
1.2960E+01	4.8930E+04
1.4400E+01	5.0250E+04
1.5840E+01	5.2030E+04
1.7280E+01	5.5028E+04
1.8720E+01	5.7865E+04
2.0160E+01	6.1136E+04
2.1600E+01	6.5242E+04
2.3040E+01	6.9300E+04
2.4480E+01	7.3563E+04
2.5920E+01	7.7823E+04
2.7360E+01	8.1971E+04
2.8800E+01	8.5920E+04
3.0240E+01	8.9647E+04
3.1680E+01	9.3121E+04
3.3120E+01	9.6368E+04
3.4560E+01	9.9432E+04
3.6000E+01	1.0234E+05
3.7440E+01	1.0507E+05
3.8880E+01	1.0771E+05
4.0320E+01	1.1024E+05
4.1760E+01	1.1273E+05
4.3200E+01	1.1518E+05
4.4640E+01	1.1758E+05
4.6080E+01	1.1996E+05
4.7520E+01	1.2230E+05
4.8960E+01	1.2459E+05
5.0400E+01	1.2683E+05
5.1840E+01	1.2900E+05
5.3280E+01	1.3111E+05
5.4720E+01	1.3314E+05
5.6160E+01	1.3511E+05
5.7600E+01	1.3700E+05
5.9040E+01	1.3884E+05
6.0480E+01	1.4062E+05
6.1920E+01	1.4235E+05
6.3360E+01	1.4404E+05
6.4800E+01	1.4570E+05
6.6240E+01	1.4733E+05
6.7680E+01	1.4892E+05
6.9120E+01	1.5049E+05
7.0560E+01	1.5200E+05
7.2000E+01	1.5339E+05
7.0560E+01	1.4732E+05
6.9120E+01	1.4137E+05
6.7680E+01	1.3547E+05
6.6240E+01	1.2964E+05
6.4800E+01	1.2391E+05
6.3360E+01	1.1831E+05
6.1920E+01	1.1287E+05
6.0480E+01	1.0760E+05
5.9040E+01	1.0247E+05
5.7600E+01	9.7493E+04
5.6160E+01	9.2656E+04
5.4720E+01	8.7977E+04
5.3280E+01	8.3459E+04
5.1840E+01	7.9101E+04
5.0400E+01	7.4897E+04
4.8960E+01	7.0844E+04
4.7520E+01	6.6938E+04
4.6080E+01	6.3195E+04
4.4640E+01	5.9586E+04
4.3200E+01	5.6104E+04
4.1760E+01	5.2747E+04
4.0320E+01	4.9507E+04
3.8880E+01	4.6381E+04
3.7440E+01	4.3364E+04
3.6000E+01	4.0452E+04
3.4560E+01	3.7620E+04
3.3120E+01	3.4880E+04
3.1680E+01	3.2233E+04
3.0240E+01	2.9677E+04
2.8800E+01	2.7208E+04
2.7360E+01	2.4828E+04
2.5920E+01	2.2532E+04
2.4480E+01	2.0326E+04
2.3040E+01	1.8328E+04
2.1600E+01	1.6502E+04
2.0160E+01	1.4674E+04
1.8720E+01	1.2895E+04
1.7280E+01	1.1264E+04
1.5840E+01	9.6668E+03
1.4400E+01	8.1114E+03
1.2960E+01	7.0426E+03
1.1520E+01	6.1487E+03
1.0080E+01	5.2680E+03
8.6400E+00	4.3951E+03
7.2000E+00	3.5275E+03
5.7600E+00	2.6718E+03
4.3200E+00	1.8014E+03
2.8800E+00	9.1703E+02
1.4400E+00	4.4253E+01
-1.7375E-10	-8.1704E+02
-1.4400E+00	-1.6672E+03
-2.8800E+00	-2.4940E+03
-4.3200E+00	-3.2568E+03
-5.7600E+00	-3.9335E+03
-7.2000E+00	-5.8791E+03
-8.6400E+00	-1.0012E+04
-1.0080E+01	-1.4121E+04
-1.1520E+01	-1.7947E+04
-1.2960E+01	-2.2309E+04
-1.4400E+01	-2.6540E+04
-1.5840E+01	-3.0663E+04
-1.7280E+01	-3.4724E+04
-1.8720E+01	-3.9033E+04
-2.0160E+01	-4.3805E+04
-2.1600E+01	-4.8830E+04
-2.3040E+01	-5.3810E+04
-2.4480E+01	-5.8741E+04
-2.5920E+01	-6.3613E+04
-2.7360E+01	-6.8408E+04
-2.8800E+01	-7.3098E+04
-3.0240E+01	-7.7646E+04
-3.1680E+01	-8.2018E+04
-3.3120E+01	-8.6185E+04
-3.4560E+01	-9.0139E+04
-3.6000E+01	-9.3851E+04
-3.7440E+01	-9.7302E+04
-3.8880E+01	-1.0058E+05
-4.0320E+01	-1.0372E+05
-4.1760E+01	-1.0682E+05
-4.3200E+01	-1.0985E+05
-4.4640E+01	-1.1283E+05
-4.6080E+01	-1.1576E+05
-4.7520E+01	-1.1864E+05
-4.8960E+01	-1.2147E+05
-5.0400E+01	-1.2425E+05
-5.1840E+01	-1.2697E+05
-5.3280E+01	-1.2965E+05
-5.4720E+01	-1.3228E+05
-5.6160E+01	-1.3486E+05
-5.7600E+01	-1.3740E+05
-5.9040E+01	-1.3990E+05
-6.0480E+01	-1.4238E+05
-6.1920E+01	-1.4483E+05
-6.3360E+01	-1.4724E+05
-6.4800E+01	-1.4963E+05
-6.6240E+01	-1.5200E+05
-6.7680E+01	-1.5430E+05
-6.9120E+01	-1.5655E+05
-7.0560E+01	-1.5878E+05
-7.2000E+01	-1.6066E+05
-7.0560E+01	-1.5434E+05
-6.9120E+01	-1.4801E+05
-6.7680E+01	-1.4176E+05
-6.6240E+01	-1.3561E+05
-6.4800E+01	-1.2953E+05
-6.3360E+01	-1.2357E+05
-6.1920E+01	-1.1771E+05
-6.0480E+01	-1.1198E+05
-5.9040E+01	-1.0638E+05
-5.7600E+01	-1.0089E+05
-5.6160E+01	-9.5539E+04
-5.4720E+01	-9.0315E+04
-5.3280E+01	-8.5228E+04
-5.1840E+01	-8.0274E+04
-5.0400E+01	-7.5468E+04
-4.8960E+01	-7.0796E+04
-4.7520E+01	-6.6255E+04
-4.6080E+01	-6.1833E+04
-4.4640E+01	-5.7503E+04
-4.3200E+01	-5.3300E+04
-4.1760E+01	-4.9218E+04
-4.0320E+01	-4.5239E+04
-3.8880E+01	-4.1371E+04
-3.7440E+01	-3.7610E+04
-3.6000E+01	-3.3956E+04
-3.4560E+01	-3.0414E+04
-3.3120E+01	-2.6972E+04
-3.1680E+01	-2.3624E+04
-3.0240E+01	-2.0368E+04
-2.8800E+01	-1.7181E+04
-2.7360E+01	-1.4077E+04
-2.5920E+01	-1.1056E+04
-2.4480E+01	-8.2735E+03
-2.3040E+01	-5.6326E+03
-2.1600E+01	-3.2525E+03
-2.0160E+01	-1.3744E+03
-1.8720E+01	4.9785E+02
-1.7280E+01	2.4117E+03
-1.5840E+01	4.2946E+03
-1.4400E+01	6.1486E+03
-1.2960E+01	7.9835E+03
-1.1520E+01	1.0028E+04
-1.0080E+01	1.2229E+04
-8.6400E+00	1.3942E+04
-7.2000E+00	1.5110E+04
-5.7600E+00	1.6372E+04
-4.3200E+00	1.7620E+04
-2.8800E+00	1.8936E+04
-1.4400E+00	2.0308E+04
1.8180E-10	2.1664E+04
1.8000E+00	2.3333E+04
3.6000E+00	2.4973E+04
5.4000E+00	2.6585E+04
7.2000E+00	2.8147E+04
9.0000E+00	3.0144E+04
1.0800E+01	3.3888E+04
1.2600E+01	3.8341E+04
1.4400E+01	4.4458E+04
1.6200E+01	5.1056E+04
1.8000E+01	5.7566E+04
1.9800E+01	6.3287E+04
2.1600E+01	6.8881E+04
2.3400E+01	7.4377E+04
2.5200E+01	7.9728E+04
2.7000E+01	8.4865E+04
2.8800E+01	8.9709E+04
3.0600E+01	9.4142E+04
3.2400E+01	9.8134E+04
3.4200E+01	1.0182E+05
3.6000E+01	1.0530E+05
3.7800E+01	1.0863E+05
3.9600E+01	1.1173E+05
4.1400E+01	1.1478E+05
4.3200E+01	1.1777E+05
4.5000E+01	1.2068E+05
4.6800E+01	1.2349E+05
4.8600E+01	1.2622E+05
5.0400E+01	1.2885E+05
5.2200E+01	1.3137E+05
5.4000E+01	1.3377E+05
5.5800E+01	1.3604E+05
5.7600E+01	1.3821E+05
5.9400E+01	1.4031E+05
6.1200E+01	1.4236E+05
6.3000E+01	1.4436E+05
6.4800E+01	1.4632E+05
6.6600E+01	1.4825E+05
6.8400E+01	1.5014E+05
7.0200E+01	1.5197E+05
7.2000E+01	1.5346E+05
7.3800E+01	1.5428E+05
7.5600E+01	1.5476E+05
7.7400E+01	1.5516E+05
7.9200E+01	1.5548E+05
8.1000E+01	1.5571E+05
8.2800E+01	1.5582E+05
8.4600E+01	1.5580E+05
8.6400E+01	1.5561E+05
8.8200E+01	1.5572E+05
9.0000E+01	1.5597E+05
8.8200E+01	1.4820E+05
8.6400E+01	1.4040E+05
8.4600E+01	1.3273E+05
8.2800E+01	1.2526E+05
8.1000E+01	1.1794E+05
7.9200E+01	1.1082E+05
7.7400E+01	1.0394E+05
7.5600E+01	9.7268E+04
7.3800E+01	9.0816E+04
7.2000E+01	8.4581E+04
7.0200E+01	7.8563E+04
6.8400E+01	7.2758E+04
6.6600E+01	6.7162E+04
6.4800E+01	6.1787E+04
6.3000E+01	5.6595E+04
6.1200E+01	5.1577E+04
5.9400E+01	4.6722E+04
5.7600E+01	4.2022E+04
5.5800E+01	3.7468E+04
5.4000E+01	3.3050E+04
5.2200E+01	2.8761E+04
5.0400E+01	2.4592E+04
4.8600E+01	2.0540E+04
4.6800E+01	1.6618E+04
4.5000E+01	1.2866E+04
4.3200E+01	9.1985E+03
4.1400E+01	5.6090E+03
3.9600E+01	2.0923E+03
3.7800E+01	-1.3559E+03
3.6000E+01	-4.6561E+03
3.4200E+01	-7.7200E+03
3.2400E+01	-1.0453E+04
3.0600E+01	-1.2871E+04
2.8800E+01	-1.5267E+04
2.7000E+01	-1.7627E+04
2.5200E+01	-1.9945E+04
2.3400E+01	-2.2220E+04
2.1600E+01	-2.4924E+04
1.9800E+01	-2.7692E+04
1.8000E+01	-2.9849E+04
1.6200E+01	-3.1241E+04
1.4400E+01	-3.2617E+04
1.2600E+01	-3.3977E+04
1.0800E+01	-3.5321E+04
9.0000E+00	-3.6651E+04
7.2000E+00	-3.7964E+04
5.4000E+00	-3.9263E+04
3.6000E+00	-4.0546E+04
1.8000E+00	-4.1813E+04
-1.4564E-10	-4.3066E+04
-1.8000E+00	-4.4305E+04
-3.6000E+00	-4.5528E+04
-5.4000E+00	-4.6739E+04
-7.2000E+00	-4.7937E+04
-9.0000E+00	-4.9113E+04
-1.0800E+01	-5.0266E+04
-1.2600E+01	-5.1406E+04
-1.4400E+01	-5.2535E+04
-1.6200E+01	-5.3912E+04
-1.8000E+01	-5.8133E+04
-1.9800E+01	-6.2711E+04
-2.1600E+01	-6.7227E+04
-2.3400E+01	-7.1679E+04
-2.5200E+01	-7.6055E+04
-2.7000E+01	-8.0278E+04
-2.8800E+01	-8.4332E+04
-3.0600E+01	-8.8563E+04
-3.2400E+01	-9.3292E+04
-3.4200E+01	-9.7681E+04
-3.6000E+01	-1.0174E+05
-3.7800E+01	-1.0550E+05
-3.9600E+01	-1.0905E+05
-4.1400E+01	-1.1236E+05
-4.3200E+01	-1.1556E+05
-4.5000E+01	-1.1869E+05
-4.6800E+01	-1.2180E+05
-4.8600E+01	-1.2486E+05
-5.0400E+01	-1.2786E+05
-5.2200E+01	-1.3081E+05
-5.4000E+01	-1.3370E+05
-5.5800E+01	-1.3653E+05
-5.7600E+01	-1.3931E+05
-5.9400E+01	-1.4204E+05
-6.1200E+01	-1.4471E+05
-6.3000E+01	-1.4729E+05
-6.4800E+01	-1.4979E+05
-6.6600E+01	-1.5220E+05
-6.8400E+01	-1.5453E+05
-7.0200E+01	-1.5682E+05
-7.2000E+01	-1.5901E+05
-7.3800E+01	-1.6005E+05
-7.5600E+01	-1.6063E+05
-7.7400E+01	-1.6112E+05
-7.9200E+01	-1.6158E+05
-8.1000E+01	-1.6201E+05
-8.2800E+01	-1.6242E+05
-8.4600E+01	-1.6279E+05
-8.6400E+01	-1.6314E+05
-8.8200E+01	-1.6346E+05
-9.0000E+01	-1.6376E+05
-8.8200E+01	-1.5599E+05
-8.6400E+01	-1.4814E+05
-8.4600E+01	-1.4039E+05
-8.2800E+01	-1.3279E+05
-8.1000E+01	-1.2538E+05
-7.9200E+01	-1.1815E+05
-7.7400E+01	-1.1111E+05
-7.5600E+01	-1.0426E+05
-7.3800E+01	-9.7617E+04
-7.2000E+01	-9.1179E+04
-7.0200E+01	-8.4954E+04
-6.8400E+01	-7.8932E+04
-6.6600E+01	-7.3117E+04
-6.4800E+01	-6.7497E+04
-6.3000E+01	-6.2058E+04
-6.1200E+01	-5.6836E+04
-5.9400E+01	-5.1777E+04
-5.7600E+01	-4.6839E+04
-5.5800E+01	-4.2053E+04
-5.4000E+01	-3.7393E+04
-5.2200E+01	-3.2844E+04
-5.0400E+01	-2.8419E+04
-4.8600E+01	-2.4113E+04
-4.6800E+01	-1.9917E+04
-4.5000E+01	-1.5824E+04
-4.3200E+01	-1.1827E+04
-4.1400E+01	-7.9207E+03
-3.9600E+01	-4.0985E+03
-3.7800E+01	-6.7412E+02
-3.6000E+01	2.2459E+03
-3.4200E+01	5.0352E+03
-3.2400E+01	7.7842E+03
-3.0600E+01	1.0479E+04
-2.8800E+01	1.3027E+04
-2.7000E+01	1.5540E+04
-2.5200E+01	1.7925E+04
-2.3400E+01	2.0404E+04
-2.1600E+01	2.2950E+04
-1.9800E+01	2.5467E+04
-1.8000E+01	2.7117E+04
-1.6200E+01	2.8486E+04
-1.4400E+01	2.9836E+04
-1.2600E+01	3.1169E+04
-1.0800E+01	3.2485E+04
-9.0000E+00	3.3802E+04
-7.2000E+00	3.5233E+04
-5.4000E+00	3.6644E+04
-3.6000E+00	3.8039E+04
-1.8000E+00	3.9424E+04
1.1013E-10	4.0818E+04
1.8000E+00	4.2204E+04
3.6000E+00	4.3558E+04
5.4000E+00	4.4866E+04
7.2000E+00	4.6159E+04
9.0000E+00	4.7437E+04
1.0800E+01	4.8705E+04
1.2600E+01	4.9988E+04
1.4400E+01	5.1348E+04
1.6200E+01	5.2791E+04
1.8000E+01	5.4565E+04
1.9800E+01	5.9217E+04
2.1600E+01	6.3590E+04
2.3400E+01	6.7667E+04
2.5200E+01	7.1758E+04
2.7000E+01	7.5771E+04
2.8800E+01	7.9635E+04
3.0600E+01	8.3233E+04
3.2400E+01	8.6502E+04
3.4200E+01	8.9441E+04
3.6000E+01	9.2110E+04
3.7800E+01	9.4593E+04
3.9600E+01	9.6958E+04
4.1400E+01	9.9441E+04
4.3200E+01	1.0218E+05
4.5000E+01	1.0487E+05
4.6800E+01	1.0751E+05
4.8600E+01	1.1011E+05
5.0400E+01	1.1264E+05
5.2200E+01	1.1513E+05
5.4000E+01	1.1757E+05
5.5800E+01	1.1996E+05
5.7600E+01	1.2229E+05
5.9400E+01	1.2456E+05
6.1200E+01	1.2674E+05
6.3000E+01	1.2883E+05
6.4800E+01	1.3083E+05
6.6600E+01	1.3276E+05
6.8400E+01	1.3463E+05
7.0200E+01	1.3644E+05
7.2000E+01	1.3822E+05
7.3800E+01	1.3995E+05
7.5600E+01	1.4166E+05
7.7400E+01	1.4334E+05
7.9200E+01	1.4500E+05
8.1000E+01	1.4663E+05
8.2800E+01	1.4825E+05
8.4600E+01	1.4985E+05
8.6400E+01	1.5142E+05
8.8200E+01	1.5298E+05
9.0000E+01	1.5460E+05
8.8200E+01	1.4687E+05
8.6400E+01	1.3911E+05
8.4600E+01	1.3149E+05
8.2800E+01	1.2404E+05
8.1000E+01	1.1678E+05
7.9200E+01	1.0971E+05
7.7400E+01	1.0286E+05
7.5600E+01	9.6221E+04
7.3800E+01	8.9827E+04
7.2000E+01	8.3657E+04
7.0200E+01	7.7703E+04
6.8400E+01	7.1957E+04
6.6600E+01	6.6439E+04
6.4800E+01	6.1118E+04
6.3000E+01	5.5976E+04
6.1200E+01	5.1005E+04
5.9400E+01	4.6196E+04
5.7600E+01	4.1542E+04
5.5800E+01	3.7032E+04
5.4000E+01	3.2660E+04
5.2200E+01	2.8434E+04
5.0400E+01	2.4650E+04
4.8600E+01	2.1171E+04
4.6800E+01	1.8317E+04
4.5000E+01	1.5582E+04
4.3200E+01	1.3222E+04
4.1400E+01	1.1444E+04
3.9600E+01	9.6902E+03
3.7800E+01	7.9585E+03
3.6000E+01	6.2459E+03
3.4200E+01	4.5463E+03
3.2400E+01	2.8664E+03
3.0600E+01	1.2052E+03
2.8800E+01	-4.3833E+02
2.7000E+01	-2.0649E+03
2.5200E+01	-3.6753E+03
2.3400E+01	-5.2705E+03
2.1600E+01	-6.8494E+03
1.9800E+01	-8.4092E+03
1.8000E+01	-9.9693E+03
1.6200E+01	-1.1606E+04
1.4400E+01	-1.3249E+04
1.2600E+01	-1.4879E+04
1.0800E+01	-1.6500E+04
9.0000E+00	-1.8062E+04
7.2000E+00	-1.9542E+04
5.4000E+00	-2.1005E+04
3.6000E+00	-2.2450E+04
1.8000E+00	-2.3871E+04
-7.4033E-11	-2.5267E+04
-1.8000E+00	-2.6625E+04
-3.6000E+00	-2.7952E+04
-5.4000E+00	-2.9252E+04
-7.2000E+00	-3.0528E+04
-9.0000E+00	-3.1787E+04
-1.0800E+01	-3.3031E+04
-1.2600E+01	-3.4260E+04
-1.4400E+01	-3.5470E+04
-1.6200E+01	-3.6671E+04
-1.8000E+01	-3.7864E+04
-1.9800E+01	-3.9050E+04
-2.1600E+01	-4.0229E+04
-2.3400E+01	-4.1402E+04
-2.5200E+01	-4.2569E+04
-2.7000E+01	-4.5052E+04
-2.8800E+01	-4.8665E+04
-3.0600E+01	-5.2893E+04
-3.2400E+01	-5.6937E+04
-3.4200E+01	-6.0789E+04
-3.6000E+01	-6.4458E+04
-3.7800E+01	-6.7954E+04
-3.9600E+01	-7.1245E+04
-4.1400E+01	-7.4428E+04
-4.3200E+01	-7.7531E+04
-4.5000E+01	-8.0564E+04
-4.6800E+01	-8.4087E+04
-4.8600E+01	-8.7940E+04
-5.0400E+01	-9.1754E+04
-5.2200E+01	-9.5490E+04
-5.4000E+01	-9.9203E+04
-5.5800E+01	-1.0293E+05
-5.7600E+01	-1.0662E+05
-5.9400E+01	-1.1028E+05
-6.1200E+01	-1.1388E+05
-6.3000E+01	-1.1742E+05
-6.4800E+01	-1.2090E+05
-6.6600E+01	-1.2430E+05
-6.8400E+01	-1.2762E+05
-7.0200E+01	-1.3087E+05
-7.2000E+01	-1.3404E+05
-7.3800E+01	-1.3715E+05
-7.5600E+01	-1.4020E+05
-7.7400E+01	-1.4321E+05
-7.9200E+01	-1.4620E+05
-8.1000E+01	-1.4917E+05
-8.2800E+01	-1.5207E+05
-8.4600E+01	-1.5495E+05
-8.6400E+01	-1.5780E+05
-8.8200E+01	-1.6064E+05
-9.0000E+01	-1.6331E+05
-8.8200E+01	-1.5553E+05
-8.6400E+01	-1.4767E+05
-8.4600E+01	-1.3991E+05
-8.2800E+01	-1.3235E+05
-8.1000E+01	-1.2498E+05
-7.9200E+01	-1.1778E+05
-7.7400E+01	-1.1075E+05
-7.5600E+01	-1.0391E+05
-7.3800E+01	-9.7255E+04
-7.2000E+01	-9.0806E+04
-7.0200E+01	-8.4559E+04
-6.8400E+01	-7.8507E+04
-6.6600E+01	-7.2649E+04
-6.4800E+01	-6.6982E+04
-6.3000E+01	-6.1491E+04
-6.1200E+01	-5.6170E+04
-5.9400E+01	-5.1034E+04
-5.7600E+01	-4.6069E+04
-5.5800E+01	-4.1222E+04
-5.4000E+01	-3.6517E+04
-5.2200E+01	-3.2278E+04
-5.0400E+01	-2.8490E+04
-4.8600E+01	-2.5129E+04
-4.6800E+01	-2.2219E+04
-4.5000E+01	-1.9380E+04
-4.3200E+01	-1.6712E+04
-4.1400E+01	-1.4877E+04
-3.9600E+01	-1.3073E+04
-3.7800E+01	-1.1298E+04
-3.6000E+01	-9.5523E+03
-3.4200E+01	-7.8344E+03
-3.2400E+01	-6.1434E+03
-3.0600E+01	-4.4775E+03
-2.8800E+01	-2.8357E+03
-2.7000E+01	-1.2172E+03
-2.5200E+01	3.7901E+02
-2.3400E+01	1.9535E+03
-2.1600E+01	3.5072E+03
-1.9800E+01	5.0411E+03
-1.8000E+01	6.5563E+03
-1.6200E+01	8.0552E+03
-1.4400E+01	9.5412E+03
-1.2600E+01	1.1011E+04
-1.0800E+01	1.2466E+04
-9.0000E+00	1.3913E+04
-7.2000E+00	1.5350E+04
-5.4000E+00	1.6773E+04
-3.6000E+00	1.8185E+04
-1.8000E+00	1.9586E+04
-7.1479E-11	2.0981E+04
