6.233E-01	-1.622E+00
2.285E+00	2.001E+01
3.117E+00	4.056E+01
5.610E+00	6.003E+01
7.688E+00	7.517E+01
1.143E+01	8.815E+01
1.351E+01	1.033E+02
1.558E+01	1.109E+02
1.434E+01	9.248E+01
1.226E+01	7.301E+01
9.350E+00	5.462E+01
6.856E+00	3.840E+01
5.194E+00	2.542E+01
1.454E+00	1.622E+00
-1.870E+00	-2.542E+01
-3.532E+00	-4.921E+01
-3.532E+00	-6.544E+01
-6.441E+00	-7.950E+01
-8.519E+00	-9.248E+01
-9.765E+00	-1.000E+02
-1.309E+01	-1.119E+02
-1.517E+01	-1.163E+02
-1.475E+01	-1.000E+02
-1.267E+01	-7.517E+01
-9.350E+00	-5.138E+01
-6.441E+00	-2.974E+01
-3.948E+00	-1.352E+01
-2.078E-01	7.030E+00
3.532E+00	3.191E+01
7.272E+00	5.895E+01
9.350E+00	7.950E+01
1.226E+01	9.356E+01
1.600E+01	1.076E+02
1.683E+01	1.152E+02
1.351E+01	8.274E+01
1.143E+01	6.544E+01
8.519E+00	4.705E+01
5.194E+00	2.758E+01
1.454E+00	5.408E-01
-2.701E+00	-2.434E+01
-4.779E+00	-4.813E+01
-7.688E+00	-6.544E+01
-1.018E+01	-8.058E+01
-1.267E+01	-9.139E+01
-1.475E+01	-1.044E+02
-1.392E+01	-8.274E+01
-9.350E+00	-5.570E+01
-5.610E+00	-3.083E+01
-3.117E+00	-8.112E+00
-2.078E-01	1.136E+01
5.610E+00	4.272E+01
1.060E+01	7.517E+01
1.309E+01	9.680E+01
1.558E+01	1.130E+02
1.849E+01	1.228E+02
1.974E+01	1.314E+02
2.098E+01	1.347E+02
2.472E+01	1.303E+02
2.389E+01	1.141E+02
2.098E+01	9.680E+01
1.932E+01	8.382E+01
1.641E+01	6.868E+01
1.392E+01	5.678E+01
1.143E+01	4.272E+01
8.519E+00	2.325E+01
6.025E+00	1.028E+01
3.117E+00	-7.030E+00
-1.039E+00	-2.758E+01
-5.194E+00	-4.597E+01
-7.272E+00	-6.435E+01
-1.226E+01	-8.923E+01
-1.434E+01	-1.065E+02
-1.641E+01	-1.174E+02
-1.891E+01	-1.238E+02
-2.182E+01	-1.303E+02
-2.431E+01	-1.347E+02
-2.306E+01	-1.174E+02
-1.932E+01	-9.896E+01
-1.641E+01	-8.274E+01
-1.267E+01	-6.003E+01
-1.060E+01	-4.380E+01
-6.856E+00	-2.434E+01
-1.870E+00	-2.704E+00
3.948E+00	2.650E+01
1.143E+01	6.868E+01
1.558E+01	9.356E+01
1.725E+01	1.033E+02
1.932E+01	1.119E+02
2.140E+01	1.228E+02
2.306E+01	1.271E+02
2.223E+01	1.076E+02
1.891E+01	8.058E+01
1.434E+01	6.111E+01
1.101E+01	4.380E+01
8.519E+00	2.217E+01
5.194E+00	1.622E+00
-1.039E+00	-2.001E+01
-6.856E+00	-4.597E+01
-9.765E+00	-7.193E+01
-1.392E+01	-9.464E+01
-1.641E+01	-9.896E+01
-1.808E+01	-1.130E+02
-2.098E+01	-1.260E+02
-2.389E+01	-1.314E+02
-1.974E+01	-1.055E+02
-1.725E+01	-8.166E+01
-1.351E+01	-5.678E+01
-6.856E+00	-2.866E+01
-2.701E+00	-4.867E+00
2.285E+00	2.650E+01
7.688E+00	5.462E+01
1.226E+01	8.166E+01
1.725E+01	1.055E+02
2.140E+01	1.163E+02
2.514E+01	1.292E+02
2.639E+01	1.347E+02
2.930E+01	1.347E+02
3.304E+01	1.347E+02
3.345E+01	1.228E+02
3.096E+01	1.065E+02
2.888E+01	9.464E+01
2.597E+01	8.058E+01
2.306E+01	6.003E+01
1.932E+01	4.489E+01
1.600E+01	2.758E+01
1.309E+01	1.352E+01
1.018E+01	7.030E+00
8.103E+00	-1.622E+00
6.025E+00	-1.028E+01
2.285E+00	-2.434E+01
-3.117E+00	-4.380E+01
-7.688E+00	-6.111E+01
-1.184E+01	-7.950E+01
-1.475E+01	-9.356E+01
-1.808E+01	-1.065E+02
-2.348E+01	-1.282E+02
-2.639E+01	-1.357E+02
-2.805E+01	-1.401E+02
-3.179E+01	-1.401E+02
-3.096E+01	-1.238E+02
-2.763E+01	-1.055E+02
-2.306E+01	-8.490E+01
-1.808E+01	-6.219E+01
-1.351E+01	-3.731E+01
-8.519E+00	-1.785E+01
-3.532E+00	1.622E+00
1.039E+00	1.676E+01
9.350E+00	5.678E+01
1.351E+01	7.841E+01
1.766E+01	8.923E+01
2.182E+01	1.011E+02
2.223E+01	1.033E+02
2.556E+01	1.174E+02
2.888E+01	1.249E+02
3.179E+01	1.314E+02
3.054E+01	1.152E+02
2.888E+01	9.680E+01
2.472E+01	7.625E+01
2.057E+01	5.246E+01
1.683E+01	2.434E+01
1.060E+01	1.622E+00
5.610E+00	-1.244E+01
2.078E-01	-2.866E+01
-3.532E+00	-4.489E+01
-6.856E+00	-5.462E+01
-1.101E+01	-7.193E+01
-1.600E+01	-9.139E+01
-1.808E+01	-1.033E+02
-2.265E+01	-1.152E+02
-2.514E+01	-1.217E+02
-2.846E+01	-1.303E+02
-3.096E+01	-1.357E+02
-2.763E+01	-1.098E+02
-2.472E+01	-8.707E+01
-1.974E+01	-6.652E+01
-1.558E+01	-4.489E+01
-1.018E+01	-2.325E+01
-6.441E+00	-7.030E+00
-1.870E+00	1.460E+01
5.194E+00	4.164E+01
8.934E+00	6.760E+01
1.309E+01	8.490E+01
2.057E+01	1.000E+02
2.680E+01	1.195E+02
3.137E+01	1.292E+02
3.594E+01	1.347E+02
4.176E+01	1.390E+02
4.592E+01	1.379E+02
4.758E+01	1.325E+02
5.049E+01	1.260E+02
4.841E+01	1.141E+02
4.592E+01	1.011E+02
4.342E+01	8.707E+01
4.010E+01	7.084E+01
3.761E+01	5.895E+01
3.262E+01	3.948E+01
2.888E+01	2.434E+01
2.556E+01	1.460E+01
2.098E+01	2.704E+00
1.309E+01	-1.460E+01
9.350E+00	-2.325E+01
4.363E+00	-3.083E+01
1.039E+00	-3.299E+01
-1.039E+00	-4.056E+01
-7.272E+00	-6.111E+01
-1.351E+01	-7.950E+01
-1.600E+01	-9.680E+01
-2.306E+01	-1.163E+02
-2.805E+01	-1.282E+02
-3.345E+01	-1.379E+02
-3.719E+01	-1.433E+02
-4.342E+01	-1.466E+02
-4.675E+01	-1.466E+02
-5.007E+01	-1.433E+02
-4.758E+01	-1.260E+02
-4.301E+01	-1.022E+02
-3.927E+01	-8.490E+01
-3.345E+01	-6.111E+01
-2.846E+01	-3.623E+01
-2.306E+01	-2.109E+01
-1.725E+01	-7.030E+00
-1.060E+01	4.867E+00
-4.779E+00	2.001E+01
2.701E+00	3.623E+01
1.226E+01	7.193E+01
2.182E+01	9.031E+01
2.805E+01	1.044E+02
3.719E+01	1.238E+02
4.342E+01	1.314E+02
4.841E+01	1.347E+02
5.049E+01	1.249E+02
4.633E+01	1.044E+02
4.384E+01	9.031E+01
4.010E+01	7.301E+01
3.594E+01	5.246E+01
3.096E+01	3.083E+01
2.597E+01	1.352E+01
1.974E+01	-5.408E-01
1.558E+01	-1.028E+01
1.143E+01	-2.109E+01
6.025E+00	-2.866E+01
-1.039E+00	-3.840E+01
-6.856E+00	-5.462E+01
-1.309E+01	-7.193E+01
-1.891E+01	-9.031E+01
-2.389E+01	-1.022E+02
-2.888E+01	-1.163E+02
-3.387E+01	-1.271E+02
-3.927E+01	-1.357E+02
-4.342E+01	-1.422E+02
-4.509E+01	-1.390E+02
-4.800E+01	-1.347E+02
-4.426E+01	-1.141E+02
-4.010E+01	-9.248E+01
-3.511E+01	-6.760E+01
-3.013E+01	-4.489E+01
-2.472E+01	-2.325E+01
-1.849E+01	-1.028E+01
-1.600E+01	1.622E+00
-1.226E+01	1.028E+01
-8.519E+00	1.352E+01
-2.078E-01	2.434E+01
8.103E+00	5.138E+01
1.309E+01	7.084E+01
2.140E+01	8.490E+01
2.846E+01	1.087E+02
3.678E+01	1.228E+02
4.259E+01	1.314E+02
4.800E+01	1.336E+02
5.298E+01	1.368E+02
5.755E+01	1.411E+02
6.462E+01	1.411E+02
6.960E+01	1.401E+02
6.836E+01	1.314E+02
6.420E+01	1.098E+02
6.088E+01	8.923E+01
5.797E+01	7.409E+01
5.381E+01	5.786E+01
4.883E+01	3.948E+01
4.384E+01	2.001E+01
3.761E+01	8.112E+00
2.763E+01	-1.028E+01
1.641E+01	-2.542E+01
8.103E+00	-3.407E+01
-1.454E+00	-4.489E+01
-1.018E+01	-6.760E+01
-1.766E+01	-8.599E+01
-2.223E+01	-1.000E+02
-2.763E+01	-1.141E+02
-3.179E+01	-1.206E+02
-3.927E+01	-1.303E+02
-4.509E+01	-1.401E+02
-5.090E+01	-1.466E+02
-5.672E+01	-1.466E+02
-6.171E+01	-1.476E+02
-6.794E+01	-1.433E+02
-6.462E+01	-1.282E+02
-6.046E+01	-1.109E+02
-5.423E+01	-8.707E+01
-5.090E+01	-6.760E+01
-4.550E+01	-4.813E+01
-4.052E+01	-3.515E+01
-3.387E+01	-1.676E+01
-2.514E+01	-5.408E-01
-1.974E+01	9.193E+00
-1.226E+01	1.785E+01
-3.532E+00	2.866E+01
8.519E+00	5.895E+01
1.725E+01	7.841E+01
2.597E+01	9.464E+01
3.511E+01	1.098E+02
4.509E+01	1.206E+02
5.589E+01	1.303E+02
6.420E+01	1.357E+02
6.877E+01	1.336E+02
6.628E+01	1.174E+02
6.254E+01	9.356E+01
5.838E+01	7.625E+01
5.631E+01	6.327E+01
5.215E+01	4.813E+01
4.716E+01	2.974E+01
3.968E+01	1.244E+01
3.137E+01	-1.622E+00
2.098E+01	-1.893E+01
1.184E+01	-3.083E+01
1.039E+00	-4.164E+01
-5.194E+00	-5.678E+01
-1.309E+01	-7.517E+01
-2.223E+01	-9.356E+01
-2.930E+01	-1.055E+02
-3.511E+01	-1.174E+02
-4.052E+01	-1.228E+02
-4.592E+01	-1.303E+02
-5.007E+01	-1.357E+02
-5.381E+01	-1.390E+02
-5.797E+01	-1.401E+02
-6.088E+01	-1.292E+02
-6.171E+01	-1.206E+02
-6.212E+01	-1.130E+02
-5.714E+01	-9.464E+01
-5.298E+01	-7.301E+01
-4.509E+01	-4.921E+01
-3.885E+01	-2.974E+01
-2.971E+01	-1.352E+01
-2.057E+01	5.949E+00
-1.517E+01	1.352E+01
-8.519E+00	2.109E+01
6.233E-01	3.623E+01
8.934E+00	5.570E+01
1.932E+01	7.841E+01
2.805E+01	9.572E+01
3.761E+01	1.065E+02
4.675E+01	1.174E+02
5.464E+01	1.238E+02
6.254E+01	1.314E+02
7.002E+01	1.368E+02
7.667E+01	1.347E+02
7.958E+01	1.347E+02
8.124E+01	1.217E+02
8.290E+01	1.065E+02
8.498E+01	8.923E+01
8.706E+01	7.084E+01
8.913E+01	5.246E+01
9.038E+01	3.731E+01
9.204E+01	2.758E+01
