0	0
3.81959578517906e-17	3.18323145620525e-12
1.32134687996165e-17	-4.54747350886464e-13
1.06767577567580e-16	1.45519152283669e-11
3.13918320689457e-17	4.54747350886464e-12
1.74311270740188e-16	7.27595761418343e-12
1.08123354337798e-16	1.81898940354586e-12
4.84104814761780e-17	7.27595761418343e-12
-3.53807318120587e-17	1.81898940354586e-12
3.48807114077327e-16	5.45696821063757e-12
5.78345843243991e-16	-7.27595761418343e-12
0.0719999999999991	2723.56287701627
0.143999999999998	5445.52578710181
0.215999999999996	8165.83096081611
0.287999999999994	10884.4131266966
0.359999999999993	13601.1836892020
0.431999999999991	16315.9801645020
0.503999999999990	19028.5875628600
0.575999999999988	21738.4782082862
0.647999999999987	24444.2553083714
0.719999999999985	27141.0823719104
0.791999999999984	29818.9237932229
0.863999999999982	32477.2515940630
0.935999999999981	35132.0611596236
1.00799999999998	37758.5442901975
1.07999999999998	40305.9716475622
1.15199999999998	42784.0402289881
1.22399999999997	45182.7829926420
1.29599999999997	47494.1435204472
1.36799999999997	49712.9462490616
1.43999999999997	51838.1877560329
1.51199999999997	53871.1104951682
1.58399999999997	55812.1839251002
1.65599999999997	57636.7204814096
1.72799999999996	59359.4383028115
1.79999999999996	60980.2652312546
1.87199999999996	62505.6796549455
1.94399999999996	63935.8413790657
2.01599999999996	65271.6554565166
2.08799999999996	66515.4232422519
2.15999999999995	67670.3524818877
2.23199999999995	68740.1120796541
2.30399999999995	69728.9141412817
2.37599999999995	70642.0440421446
2.44799999999995	71485.5236817158
2.51999999999995	72263.3599412241
2.59199999999995	72982.8273483061
2.66399999999994	73658.4196426889
2.73599999999994	74290.1958588876
2.80799999999994	74891.3494519705
2.87999999999994	75461.1664934890
2.95199999999994	76003.4976307915
3.02399999999994	76522.1829375089
3.09599999999993	77019.9358794417
3.16799999999993	77498.9283732617
3.23999999999993	77960.8241278590
3.31199999999993	78406.3710517152
3.38399999999993	78836.9398414946
3.45599999999993	79253.2865822976
3.52799999999993	79655.3893380406
3.59999999999992	80043.8353644515
3.52800000000008	78428.3053839344
3.45600000000008	76812.8118939651
3.38400000000008	75197.5804364154
3.31200000000008	73582.5376663437
3.24000000000009	71967.6502136115
3.16800000000009	70353.0825331661
3.09600000000009	68738.8661028949
3.02400000000009	67124.8045526848
2.95200000000009	65511.0762368281
2.88000000000009	63897.8456325998
2.80800000000009	62284.9993048766
2.73600000000010	60672.8314740585
2.66400000000010	59189.6929220429
2.59200000000010	57785.6270914218
2.52000000000010	56382.9719622489
2.44800000000010	54982.2130094278
2.37600000000010	53682.1610823917
2.30400000000011	52500.3686988892
2.23200000000011	51355.8758989429
2.16000000000011	50251.3433383970
2.08800000000011	49141.4845283731
2.01600000000011	48042.8455975596
1.94400000000011	46928.9792042237
1.87200000000011	45802.5765540984
1.80000000000012	44666.5605522546
1.72800000000012	43523.1674168819
1.65600000000012	42374.2201512359
1.58400000000012	41220.6698151884
1.51200000000012	40063.5829859304
1.44000000000012	38903.9830494310
1.36800000000012	37742.4359064678
1.29600000000013	36579.3574248333
1.22400000000013	35416.9950187613
1.15200000000013	33890.6647641316
1.08000000000013	32319.0684968280
1.00800000000013	30628.6208582529
0.936000000000134	28829.5967837065
0.864000000000136	27030.7796680093
0.792000000000137	25155.6119701171
0.720000000000139	22945.2672344595
0.648000000000140	20512.6516820365
0.576000000000142	18029.4902940643
0.504000000000143	15547.1559751191
0.432000000000145	13065.7191557607
0.360000000000146	10585.2454572968
0.288000000000148	8105.44947978846
0.216000000000150	5626.80620970117
0.144000000000151	3149.47728756716
0.0720000000001524	673.685416743781
1.53849171519299e-13	-1799.50750484618
-0.0719999999998447	-4289.02096978023
-0.143999999999843	-6948.38321010756
-0.215999999999841	-9642.75400193785
-0.287999999999840	-12334.0338057274
-0.359999999999839	-15021.1011252182
-0.431999999999837	-17701.4178226228
-0.503999999999835	-20370.0557227037
-0.575999999999834	-23015.2008879930
-0.647999999999832	-25606.0538930118
-0.719999999999831	-28004.7446522955
-0.791999999999829	-30230.4347872943
-0.863999999999827	-32626.9902649548
-0.935999999999827	-35221.9481860610
-1.00799999999982	-37816.8160197073
-1.07999999999982	-40333.8433796628
-1.15199999999982	-42784.9464567452
-1.22399999999982	-45155.4938677399
-1.29599999999982	-47434.2908606845
-1.36799999999982	-49613.6474741443
-1.43999999999981	-51695.5417422279
-1.51199999999981	-53691.8306748208
-1.58399999999981	-55615.4315059225
-1.65599999999981	-57438.1035389039
-1.72799999999981	-59157.1156358197
-1.79999999999981	-60770.5645856039
-1.87199999999981	-62293.3103505163
-1.94399999999980	-63722.9003575871
-2.01599999999980	-65060.0941532208
-2.08799999999980	-66306.8696413638
-2.15999999999980	-67465.8475613611
-2.23199999999980	-68540.4371830442
-2.30399999999980	-69534.4566432263
-2.37599999999980	-70453.2364045306
-2.44799999999979	-71303.0054640726
-2.51999999999979	-72089.3462220248
-2.59199999999979	-72816.5477806316
-2.66399999999979	-73499.7006174041
-2.73599999999979	-74139.0196040801
-2.80799999999979	-74748.3046747416
-2.87999999999979	-75327.3237396715
-2.95199999999978	-75879.3836498814
-3.02399999999978	-76409.2955858421
-3.09599999999978	-76919.2080967776
-3.16799999999978	-77409.1671975067
-3.23999999999978	-77875.2164556577
-3.31199999999978	-78324.2462952907
-3.38399999999977	-78757.0954562365
-3.45599999999977	-79174.1803599815
-3.52799999999977	-79567.0382000961
-3.59999999999977	-79940.6054471415
-3.52800000000023	-78335.4156383728
-3.45600000000023	-76730.1014348410
-3.38400000000023	-75124.7937650705
-3.31200000000024	-73519.3678936066
-3.24000000000024	-71912.5233527178
-3.16800000000024	-70305.3637583692
-3.09600000000024	-68698.3412330558
-3.02400000000024	-67092.2023894591
-2.95200000000024	-65486.4165136912
-2.88000000000025	-63880.8593349861
-2.80800000000025	-62275.4967701093
-2.73600000000025	-60670.5586366246
-2.66400000000025	-59186.5619623201
-2.59200000000025	-57781.1453593070
-2.52000000000025	-56376.2476111020
-2.44800000000025	-54972.6349283727
-2.37600000000026	-53653.9483019842
-2.30400000000026	-52455.0137517774
-2.23200000000026	-51284.2489042235
-2.16000000000026	-50164.7158258504
-2.08800000000026	-49064.0409988903
-2.01600000000026	-47954.9021882783
-1.94400000000027	-46829.8476403055
-1.87200000000027	-45691.6900315328
-1.80000000000027	-44542.9116944564
-1.72800000000027	-43385.9167520141
-1.65600000000027	-42220.6368130657
-1.58400000000027	-41050.2429602712
-1.51200000000027	-39876.0735910506
-1.44000000000028	-38699.0683922500
-1.36800000000028	-37519.8770860621
-1.29600000000028	-36338.9848538023
-1.22400000000028	-35158.7484164676
-1.15200000000028	-33863.6011989557
-1.08000000000028	-32287.4651137676
-1.00800000000029	-30638.9416216295
-0.936000000000287	-28842.4107023199
-0.864000000000288	-27044.3821652365
-0.792000000000290	-25246.6631444470
-0.720000000000291	-23128.6341583678
-0.648000000000293	-20740.8976501099
-0.576000000000294	-18269.6692574665
-0.504000000000296	-15800.0439858028
-0.432000000000297	-13331.1702399407
-0.360000000000299	-10863.1004291152
-0.288000000000301	-8395.79181963162
-0.216000000000302	-5929.05318150977
-0.144000000000303	-3472.86410843658
-0.0720000000003049	-1062.43953630703
-3.06310559599135e-13	1194.89560082222
0.0719999999996920	3451.22661818732
0.143999999999690	5852.99617636843
0.215999999999689	8311.75804821304
0.287999999999687	10771.7475044777
0.359999999999686	13230.7334012414
0.431999999999684	15688.6811466483
0.503999999999683	18145.3254050945
0.575999999999681	20600.6511558364
0.647999999999680	22892.3367719668
0.719999999999678	25073.2500970681
0.791999999999677	26861.6413560165
0.863999999999675	28649.0980746840
0.935999999999674	30434.6327738823
1.00799999999967	32192.4378213376
1.07999999999967	33774.1695787802
1.15199999999967	35354.2821703324
1.22399999999967	36735.6728423532
1.29599999999967	37932.1645530735
1.36799999999966	39127.0542873328
1.43999999999966	40320.1232026605
1.51199999999966	41511.0438294436
1.58399999999966	42699.3959924856
1.65599999999966	43884.6397768741
1.72799999999966	45066.0802892431
1.79999999999966	46242.5859524336
1.87199999999965	47413.2958131124
1.94399999999965	48576.9236990478
2.01599999999965	49732.1442077271
2.08799999999965	50878.4593589630
2.15999999999965	52016.2837675036
2.23199999999965	53142.6420169043
2.30399999999964	54256.0584872883
2.37599999999964	55357.5565182227
2.44799999999964	56449.6048687544
2.51999999999964	57568.1119062046
2.59199999999964	58753.9553963705
2.66399999999964	60016.7229842589
2.73599999999964	61392.0664145029
2.80799999999963	62767.6982463219
2.87999999999963	64162.5178320086
2.95199999999963	65700.5421751770
3.02399999999963	67271.1517220027
3.09599999999963	68841.0202020513
3.16799999999963	70409.8107765133
3.23999999999962	71977.7699865534
3.31199999999962	73544.9164047341
3.38399999999962	75111.1793259957
3.45599999999962	76676.4992746541
3.52799999999962	78239.8370174186
3.59999999999962	79800.3308052894
3.52800000000039	78198.6808445945
3.45600000000039	76595.0034590757
3.38400000000039	74990.7318409512
3.31200000000039	73386.6270182874
3.24000000000039	71782.7262831578
3.16800000000039	70179.1535779993
3.09600000000039	68575.5263594278
3.02400000000040	66972.1366011319
2.95200000000040	65368.9848625072
2.88000000000040	63809.3468343862
2.80800000000040	62391.3900534817
2.73600000000040	60988.6169430417
2.66400000000040	59587.0349077179
2.59200000000041	58327.0939824947
2.52000000000041	57131.0144905969
2.44800000000041	56001.4178454506
2.37600000000041	54887.2809400846
2.30400000000041	53763.4218637915
2.23200000000041	52627.0015041737
2.16000000000041	51478.3787663714
2.08800000000042	50318.9450129911
2.01600000000042	49152.0723615998
1.94400000000042	47976.7824412648
1.87200000000042	46794.1062729104
1.80000000000042	45605.5141318513
1.72800000000042	44411.7986046791
1.65600000000043	43214.1216489141
1.58400000000043	42013.4750532266
1.51200000000043	40810.4875828826
1.44000000000043	39605.6462977530
1.36800000000043	38399.3301835928
1.29600000000043	37191.8326311975
1.22400000000043	35983.3818932954
1.15200000000044	34490.6623769794
1.08000000000044	32896.5116967173
1.00800000000044	31272.9653134458
0.936000000000441	29474.6556437912
0.864000000000442	27676.0594358160
0.792000000000444	25876.1914564140
0.720000000000446	24019.5028827196
0.648000000000447	21815.6318246653
0.576000000000449	19467.0779638889
0.504000000000450	17000.2251067909
0.432000000000451	14533.2061619566
0.360000000000453	12065.8132745304
0.288000000000455	9598.38991394122
0.216000000000456	7130.94277158821
0.144000000000458	4663.47876652959
0.0720000000004592	2239.62538996530
4.61089737030921e-13	-41.3809419372810
-0.0719999999995375	-2331.47571287736
-0.143999999999536	-4761.88616229672
-0.215999999999535	-7230.34375699780
-0.287999999999533	-9698.58454010409
-0.359999999999531	-12166.7510545707
-0.431999999999530	-14634.8877917597
-0.503999999999528	-17102.9006023948
-0.575999999999527	-19570.4202657794
-0.647999999999526	-21923.0477371202
-0.719999999999524	-24128.4796161817
-0.791999999999522	-25967.3421136866
-0.863999999999521	-27768.4271157106
-0.935999999999519	-29569.3995984768
-1.00799999999952	-31370.2477731765
-1.07999999999952	-32985.7133674062
-1.15199999999951	-34587.1623632081
-1.22399999999951	-36038.5479444758
-1.29599999999951	-37250.3037277782
-1.36799999999951	-38461.1431200555
-1.43999999999951	-39670.6762774673
-1.51199999999951	-40878.6205298034
-1.58399999999951	-42084.5382753709
-1.65599999999950	-43287.8555946352
-1.72799999999950	-44487.8235643649
-1.79999999999950	-45683.4775554958
-1.87199999999950	-46873.2199566448
-1.94399999999950	-48054.6295114295
-2.01599999999950	-49228.6041060105
-2.08799999999949	-50394.8651427622
-2.15999999999949	-51550.4215118421
-2.23199999999949	-52694.4639066411
-2.30399999999949	-53825.5548829151
-2.37599999999949	-54945.1963082842
-2.44799999999949	-56055.8878242594
-2.51999999999949	-57186.7321758308
-2.59199999999948	-58404.3508360881
-2.66399999999948	-59683.7853353709
-2.73599999999948	-61088.4009217351
-2.80799999999948	-62493.9769722664
-2.87999999999948	-63923.0363396477
-2.95199999999948	-65489.6779853803
-3.02399999999947	-67095.3092750562
-3.09599999999947	-68701.1016260855
-3.16799999999947	-70307.7568449032
-3.23999999999947	-71914.5904210552
-3.31199999999947	-73521.0523624460
-3.38399999999947	-75126.0738755378
-3.45599999999947	-76730.9581997730
-3.52799999999946	-78335.7499959972
-3.59999999999946	-79940.1075533048
-3.52800000000054	-78335.0016898509
-3.45600000000054	-76729.6899020894
-3.38400000000054	-75124.4181343193
-3.31200000000054	-73519.0298723938
-3.24000000000054	-71912.2209598425
-3.16800000000055	-70305.0995118161
-3.09600000000055	-68698.1221391718
-3.02400000000055	-67092.0233622058
-2.95200000000055	-65486.2765270856
-2.88000000000055	-63880.7564376564
-2.80800000000055	-62323.0131806603
-2.73600000000056	-60788.4090646305
-2.66400000000056	-59260.7699995433
-2.59200000000056	-57730.1185030911
-2.52000000000056	-56232.3554485933
-2.44800000000056	-54785.1172197330
-2.37600000000056	-53338.8556390853
-2.30400000000056	-51948.2487191858
-2.23200000000057	-50560.0444937541
-2.16000000000057	-49172.1030773823
-2.08800000000057	-47783.7453394352
-2.01600000000057	-46407.0741037112
-1.94400000000057	-45046.2560072854
-1.87200000000057	-43677.8052641543
-1.80000000000058	-42301.6211751875
-1.72800000000058	-40917.7733761089
-1.65600000000058	-39526.5312261307
-1.58400000000058	-38127.1974303841
-1.51200000000058	-36722.1770130995
-1.44000000000058	-35312.2505991754
-1.36800000000058	-33898.3800869482
-1.29600000000059	-32481.3142296862
-1.22400000000059	-31061.7027790533
-1.15200000000059	-29638.3931063715
-1.08000000000059	-28153.7994199603
-1.00800000000059	-26537.6195040712
-0.936000000000593	-24921.1643843555
-0.864000000000595	-23304.2587126394
-0.792000000000597	-21687.1546285418
-0.720000000000598	-20069.8800811048
-0.648000000000600	-18452.4534967814
-0.576000000000601	-16729.5239880103
-0.504000000000603	-14826.2402438112
-0.432000000000604	-12700.3233820097
-0.360000000000606	-10538.5622473808
-0.288000000000607	-8376.73801049207
-0.216000000000609	-6214.86726261533
-0.144000000000610	-4052.63882968634
-0.0720000000006121	-1930.13932208966
-6.13566003098892e-13	63.8965857956882
0.179999999998462	5903.74114687687
0.359999999998458	12072.2922412977
0.539999999998454	18240.1078241331
0.719999999998450	24025.9689000740
0.899999999998446	28582.0353571122
1.07999999999844	32903.0851339621
1.25999999999844	36594.3776384026
1.43999999999843	39612.1919408928
1.61999999999843	42620.4322761085
1.79999999999843	45611.4243862904
1.97999999999842	48571.2285175825
2.15999999999842	51483.7785529017
2.33999999999842	54331.7985958212
2.51999999999841	57135.7641180547
2.69999999999841	60292.5979299981
2.87999999999840	63815.5125692857
3.05999999999840	67780.3433876518
3.23999999999840	71790.3573216476
3.41999999999839	75801.5086037966
3.59999999999839	79810.0961107890
3.77999999999839	80827.6849615390
3.95999999999838	81598.4839088058
4.13999999999838	82343.6993695133
4.31999999999837	83060.5146434188
4.49999999999837	83783.1272106492
4.67999999999837	84601.7613987393
4.85999999999836	85437.9128168026
5.03999999999836	86242.9394896845
5.21999999999835	87037.3504462764
5.39999999999835	87838.6902030135
5.57999999999835	88647.0945137103
5.75999999999834	89325.8439522576
5.93999999999834	89960.7873169973
6.11999999999834	90591.9791547234
6.29999999999833	91251.0873105585
6.47999999999833	91919.8932769282
6.65999999999833	92603.1342291809
6.83999999999832	93299.5690759722
7.01999999999832	94009.5830352643
7.19999999999831	94734.9084931968
7.37999999999831	95475.2213114298
7.55999999999831	96229.0575613719
7.73999999999830	96935.6514976930
7.91999999999830	97625.1756539363
8.09999999999830	98263.6882589275
8.27999999999829	98883.2281405835
8.45999999999829	99493.3074229927
8.63999999999828	100108.613628341
8.81999999999828	100666.932747484
8.99999999999828	101234.326701258
8.82000000000173	99269.6743217091
8.64000000000174	97304.9089391887
8.46000000000174	95337.0600584030
8.28000000000175	93335.7321217765
8.10000000000175	91332.5620370363
7.92000000000175	89373.0873202311
7.74000000000176	87452.5698543835
7.56000000000176	85518.7697465123
7.38000000000176	83611.4456740900
7.20000000000177	81722.3637540829
7.02000000000177	79831.5494339546
6.84000000000178	77949.1533477227
6.66000000000178	76040.7863510144
6.48000000000178	74154.1828157714
6.30000000000179	72321.4015369481
6.12000000000179	70492.2764685363
5.94000000000180	68663.0484535620
5.76000000000180	66832.9999060150
5.58000000000180	65002.6233556993
5.40000000000181	63172.2820606906
5.22000000000181	61341.9691374671
5.04000000000181	59512.0326238830
4.86000000000182	57683.2805978582
4.68000000000182	55854.1258917148
4.50000000000183	54024.7311056648
4.32000000000183	52195.1942075637
4.14000000000183	50365.5568676601
3.96000000000184	48535.0928669570
3.78000000000184	46703.9147055213
3.60000000000185	44872.4354141491
3.42000000000185	43040.8912488304
3.24000000000185	41209.3916280656
3.06000000000186	39377.8465802655
2.88000000000186	37546.1732882670
2.70000000000186	35714.3919251273
2.52000000000187	33821.4984638382
2.34000000000187	31782.3831388666
2.16000000000188	29709.1938753204
1.98000000000188	27636.5663682735
1.80000000000188	25564.0663234536
1.62000000000189	23491.5200237892
1.44000000000189	21037.3783438981
1.26000000000190	18452.1934960484
1.08000000000190	15867.7607220357
0.900000000001903	13284.0980781906
0.720000000001907	10701.2460465673
0.540000000001911	8119.24640613193
0.360000000001914	4720.27498162466
0.180000000001918	498.949463188605
1.92201797995239e-12	-3670.50197747756
-0.179999999998074	-9834.25335161987
-0.359999999998070	-16401.6059243729
-0.539999999998066	-22169.2340464956
-0.719999999998063	-26505.5966566708
-0.899999999998059	-30831.4411171944
-1.07999999999805	-35017.1139700163
-1.25999999999805	-38453.7447145341
-1.43999999999805	-41241.7416392367
-1.61999999999804	-44026.6175461163
-1.79999999999804	-46815.8608318270
-1.97999999999804	-49603.3984474266
-2.15999999999803	-52389.7726876222
-2.33999999999803	-55167.0208174022
-2.51999999999802	-58066.8574556993
-2.69999999999802	-60861.9133510844
-2.87999999999802	-64272.1007985759
-3.05999999999801	-68108.4138555537
-3.23999999999801	-72028.2488487873
-3.41999999999801	-75945.7631765479
-3.59999999999800	-79080.8524007161
-3.77999999999800	-80252.0459717984
-3.95999999999799	-81440.5362728584
-4.13999999999799	-82691.6092358285
-4.31999999999799	-83828.0046524320
-4.49999999999798	-84853.0265817002
-4.67999999999798	-85838.8410536918
-4.85999999999797	-86867.2602792449
-5.03999999999797	-87925.5806168506
-5.21999999999797	-88838.2317678132
-5.39999999999796	-89585.6412381465
-5.57999999999796	-90330.3443648021
-5.75999999999796	-91102.1875304871
-5.93999999999795	-91916.9038037962
-6.11999999999795	-92807.1503195019
-6.29999999999794	-93695.9590218609
-6.47999999999794	-94565.2128330155
-6.65999999999794	-95411.8099951083
-6.83999999999793	-96267.1251821279
-7.01999999999793	-97132.3051675502
-7.19999999999792	-98005.8643768412
-7.37999999999792	-98891.5863688926
-7.55999999999792	-99712.7534137341
-7.73999999999791	-100488.414122396
-7.91999999999791	-101249.137592143
-8.09999999999791	-102016.476620396
-8.27999999999790	-102779.853017149
-8.45999999999790	-103535.784942325
-8.63999999999789	-104295.402878119
-8.81999999999789	-105057.878981447
-8.99999999999789	-105771.306852829
-8.82000000000211	-103904.597752288
-8.64000000000211	-102038.228524765
-8.46000000000212	-100171.890053215
-8.28000000000212	-98269.2009642491
-8.10000000000213	-96277.1073341043
-7.92000000000213	-94335.6804312966
-7.74000000000213	-92418.4066154965
-7.56000000000214	-90504.8005039989
-7.38000000000214	-88591.0119102233
-7.20000000000215	-86654.3120922241
-7.02000000000215	-84742.7989307853
-6.84000000000215	-82852.4691272778
-6.66000000000216	-80962.8774159685
-6.48000000000216	-79094.8153237841
-6.30000000000216	-77222.1550499845
-6.12000000000217	-75349.3082055439
-5.94000000000217	-73459.1145661835
-5.76000000000218	-71561.7285257228
-5.58000000000218	-69664.4924580206
-5.40000000000218	-67747.6898162516
-5.22000000000219	-65812.5077690899
-5.04000000000219	-63879.8395613654
-4.86000000000220	-61947.3260692013
-4.68000000000220	-60015.8416638504
-4.50000000000220	-58084.0951155828
-4.32000000000221	-56122.5922205923
-4.14000000000221	-54064.5822837143
-3.96000000000221	-51764.6410320620
-3.78000000000222	-49456.5668698888
-3.60000000000222	-47042.1156657742
-3.42000000000223	-44605.2053631259
-3.24000000000223	-42140.6330472131
-3.06000000000223	-39646.0398224117
-2.88000000000224	-37152.4564674648
-2.70000000000224	-34660.4732093014
-2.52000000000224	-32168.3855081666
-2.34000000000225	-29676.2116182825
-2.16000000000225	-27183.9670790729
-1.98000000000226	-24691.6609795704
-1.80000000000226	-22199.8840419391
-1.62000000000226	-19626.8599951767
-1.44000000000227	-16925.2778753687
-1.26000000000227	-14223.6735283188
-1.08000000000228	-11522.0581304080
-0.900000000002279	-8820.44589632551
-0.720000000002283	-6119.04118936287
-0.540000000002287	-3417.88964955797
-0.360000000002291	-570.734676020751
-0.180000000002295	3272.43610634126
-2.29854904488829e-12	7432.64954245533
0.179999999997698	11651.1534546600
0.359999999997694	16172.9132183213
0.539999999997690	19826.5886448147
0.719999999997686	22851.5194958920
0.899999999997682	26761.6908272442
1.07999999999768	30561.0789558692
1.25999999999767	33658.7887289875
1.43999999999767	35910.9635418140
1.61999999999767	38162.9723488093
1.79999999999766	40378.9644117351
1.97999999999766	42419.2878604452
2.15999999999766	44459.4355033199
2.33999999999765	46200.3808717529
2.51999999999765	47875.2109920459
2.69999999999764	49549.7562779421
2.87999999999764	51223.5029056540
3.05999999999764	52844.1698162229
3.23999999999763	54312.7476245312
3.41999999999763	55700.7516133587
3.59999999999762	57088.2997509301
3.77999999999762	58475.5315014379
3.95999999999762	59862.2884870336
4.13999999999761	61248.5351591592
4.31999999999761	62634.9228381918
4.49999999999761	64021.4572260258
4.67999999999760	65407.8579404577
4.85999999999760	66792.5865178545
5.03999999999759	68176.6623027270
5.21999999999759	69560.0685680070
5.39999999999759	70942.7365154986
5.57999999999758	72324.5886982475
5.75999999999758	73706.4229130699
5.93999999999757	75087.3382111590
6.11999999999757	76467.2023298066
6.29999999999757	77845.9622422006
6.47999999999756	79223.4849252208
6.65999999999756	80598.4380946588
6.83999999999756	81971.7120460475
7.01999999999755	83334.0118245839
7.19999999999755	84662.2518167947
7.37999999999754	86010.4832101404
7.55999999999754	87328.0318620483
7.73999999999754	88661.7387745062
7.91999999999753	90014.5940805374
8.09999999999753	91382.3777254980
8.27999999999752	92916.8689151305
8.45999999999752	94579.7093754039
8.63999999999752	96454.7698044668
8.81999999999751	98324.1777664906
8.99999999999751	99868.6317992196
8.82000000000250	97970.2181871291
8.64000000000251	96070.1653463511
8.46000000000251	94166.5423668575
8.28000000000251	92227.8880427608
8.10000000000252	90161.1710362287
7.92000000000252	88141.9203864338
7.74000000000252	86163.6554416037
7.56000000000253	84169.3514506323
7.38000000000253	82194.9397031658
7.20000000000254	80230.8560260811
7.02000000000254	78259.5927062167
6.84000000000254	76287.5430178498
6.66000000000255	74290.5119317895
6.48000000000255	72283.2293373674
6.30000000000256	70295.9713835240
6.12000000000256	68307.8293640291
5.94000000000256	66319.5239962304
5.76000000000257	64331.2686201473
5.58000000000257	62343.0570822055
5.40000000000257	60354.8813586785
5.22000000000258	58368.0258039330
5.04000000000258	56381.6631043361
4.86000000000259	54395.5720236546
4.68000000000259	52409.2292156545
4.50000000000259	50422.5772308557
4.32000000000260	48435.5334391979
4.14000000000260	46447.3946409623
3.96000000000260	44458.8833820201
3.78000000000261	42470.4217633731
3.60000000000261	40482.0552450165
3.42000000000262	38493.9551251240
3.24000000000262	36505.7307586060
3.06000000000262	34517.3489711965
2.88000000000263	32528.5731477620
2.70000000000263	30539.3644451210
2.52000000000264	28550.0630586789
2.34000000000264	26541.5032651804
2.16000000000264	24405.9207855345
1.98000000000265	22270.2568614434
1.80000000000265	20125.5161541220
1.62000000000265	17917.5418474926
1.44000000000266	15709.5268162392
1.26000000000266	13501.4829536982
1.08000000000267	11144.6477167516
0.900000000002670	8873.73064601509
0.720000000002674	7098.21351564041
0.540000000002677	5473.45280481457
0.360000000002681	3938.65889281310
0.180000000002685	2127.52800173946
2.68899061986471e-12	-379.840889628791
-0.179999999997307	-2749.37570778069
-0.359999999997303	-4661.00057861817
-0.539999999997300	-6226.43015381992
-0.719999999997296	-7865.90019835938
-0.899999999997292	-9529.18570877120
-1.07999999999729	-11725.5869009830
-1.25999999999728	-14427.0014447184
-1.43999999999728	-17128.3154928862
-1.61999999999728	-19829.5117622456
-1.79999999999727	-22516.6958164162
-1.97999999999727	-25167.1467495189
-2.15999999999726	-27725.8832927365
-2.33999999999726	-30209.6219219534
-2.51999999999726	-32693.1532019370
-2.69999999999725	-35176.4501847233
-2.87999999999725	-37659.4817590089
-3.05999999999725	-40143.3657009732
-3.23999999999724	-42624.8654291231
-3.41999999999724	-45045.4003518049
-3.59999999999723	-47420.2464933247
-3.77999999999723	-49771.2108732203
-3.95999999999723	-51980.0822501998
-4.13999999999722	-54163.7477115330
-4.31999999999722	-56160.6574739626
-4.49999999999721	-58091.5172838309
-4.67999999999721	-60010.1828159870
-4.85999999999721	-61928.7392745248
-5.03999999999720	-63847.0675895335
-5.21999999999720	-65765.5118102078
-5.39999999999720	-67685.0858509341
-5.57999999999719	-69587.0446208786
-5.75999999999719	-71466.4027036960
-5.93999999999718	-73341.4608239125
-6.11999999999718	-75195.2747922295
-6.29999999999718	-77044.4306462570
-6.47999999999717	-78888.4760763384
-6.65999999999717	-80736.4950622204
-6.83999999999716	-82603.6302364570
-7.01999999999716	-84469.3723845156
-7.19999999999716	-86333.6119593311
-7.37999999999715	-88177.5627475091
-7.55999999999715	-90053.3703610388
-7.73999999999715	-91948.0726496842
-7.91999999999714	-93845.5090312707
-8.09999999999714	-95771.1311327482
-8.27999999999713	-97736.1497191901
-8.45999999999713	-99593.3481053955
-8.63999999999713	-101429.237237243
-8.81999999999712	-103262.591963747
-8.99999999999712	-104851.617334770
-8.82000000000288	-102985.242760615
-8.64000000000288	-101118.701268895
-8.46000000000289	-99252.1929578177
-8.28000000000289	-97349.6184117631
-8.10000000000289	-95358.0196798433
-7.92000000000290	-93422.9754018216
-7.74000000000290	-91511.7981828561
-7.56000000000290	-89597.7830238839
-7.38000000000291	-87683.7371724024
-7.20000000000291	-85769.8576498063
-7.02000000000292	-83860.0398345821
-6.84000000000292	-81968.6291601930
-6.66000000000292	-80077.4796757597
-6.48000000000293	-78211.1959594391
-6.30000000000293	-76337.2002642735
-6.12000000000294	-74462.6525239849
-5.94000000000294	-72587.7862179302
-5.76000000000294	-70691.6265956670
-5.58000000000295	-68793.1030379640
-5.40000000000295	-66879.5771414211
-5.22000000000295	-64942.9131305112
-5.04000000000296	-63008.9227769440
-4.86000000000296	-61074.8622117756
-4.68000000000297	-59141.4080118169
-4.50000000000297	-57208.1249753650
-4.32000000000297	-55268.1531571318
-4.14000000000298	-53254.5464394111
-3.96000000000298	-51114.6254574926
-3.78000000000299	-48906.2452023925
-3.60000000000299	-46616.4395067812
-3.42000000000299	-44249.5185048681
-3.24000000000300	-41824.1042176194
-3.06000000000300	-39332.5510406667
-2.88000000000300	-36841.5385304187
-2.70000000000301	-34352.6167420561
-2.52000000000301	-31863.5987479280
-2.34000000000302	-29374.5040757288
-2.16000000000302	-26885.3475326314
-1.98000000000302	-24396.1396902787
-1.80000000000303	-21907.1149503484
-1.62000000000303	-19383.1826939576
-1.44000000000304	-16686.2055201801
-1.26000000000304	-13987.2748314798
-1.08000000000304	-11293.9942732060
-0.900000000003047	-9112.92502556037
-0.720000000003051	-7468.91941119095
-0.540000000003054	-5831.40937777901
-0.360000000003058	-4277.00819366471
-0.180000000003062	-2409.66996930817
-3.06599600611189e-12	-55.5835621857586
0.359999999993857	4218.08084322240
0.719999999993849	7369.70005816113
1.07999999999384	11371.8308196750
1.43999999999383	15905.0826026607
1.79999999999383	20320.6518832398
2.15999999999382	24417.7752637523
2.51999999999381	28406.5565439623
2.87999999999380	32393.8279810169
3.23999999999380	36379.2450369805
3.59999999999379	40363.3576771814
3.95999999999378	44346.7247081263
4.31999999999377	48328.4764806330
4.67999999999376	52305.5601799917
5.03999999999376	56279.3410200885
5.39999999999375	60251.4636735082
5.75999999999374	64224.0662084398
6.11999999999373	68193.6023911889
6.47999999999373	72158.5674860084
6.83999999999372	76126.7976964574
7.19999999999371	80045.5164583247
7.55999999999370	83960.1830694091
7.91999999999370	87898.1865351355
8.27999999999369	91939.6450346234
8.63999999999368	95727.0797313721
8.99999999999367	99345.6872489960
9.35999999999366	100695.058669210
9.71999999999366	101996.689171205
10.0799999999936	103294.629271726
10.4399999999936	104597.014836437
10.7999999999936	105862.249282905
11.1599999999936	106958.035089538
11.5199999999936	108028.146004127
11.8799999999936	109093.867650385
12.2399999999936	110146.707442657
12.5999999999936	111160.981280300
12.9599999999936	112152.530655770
13.3199999999936	113126.616314026
13.6799999999936	114084.594555868
14.0399999999936	115025.296521872
14.3999999999936	115930.550056756
14.7599999999935	116811.404750220
15.1199999999935	117673.473058619
15.4799999999935	118516.426351683
15.8399999999935	119340.070172919
16.1999999999935	120144.347648008
16.5599999999935	120929.307938555
16.9199999999935	121695.043983484
17.2799999999935	122441.891464569
17.6399999999935	123170.110818181
17.9999999999935	123880.037061713
17.6400000000065	121370.663523970
17.2800000000065	118799.075792961
16.9200000000065	116216.087834201
16.5600000000066	113671.193280001
16.2000000000066	111183.281333742
15.8400000000066	108730.398477166
15.4800000000066	106303.626166658
15.1200000000066	103878.844485083
14.7600000000066	101454.083758072
14.4000000000066	99029.3434156020
14.0400000000066	96604.6227435055
13.6800000000066	94178.2786532777
13.3200000000066	91744.4324308958
12.9600000000066	89310.6033240721
12.6000000000066	86876.7937154047
12.2400000000066	84442.9938160420
11.8800000000067	81991.3555994856
11.5200000000067	79524.9237190514
11.1600000000067	77044.0590189317
10.8000000000067	74554.1886980091
10.4400000000067	72064.3724695132
10.0800000000067	69574.6278380106
9.72000000000670	67084.9890641770
9.36000000000671	64595.4754757342
9.00000000000672	62106.1483317675
8.64000000000673	59604.5019262280
8.28000000000673	57104.1579281151
7.92000000000674	54593.0266551325
7.56000000000675	51969.1697080828
7.20000000000676	49300.0467529786
6.84000000000676	46531.0948746905
6.48000000000677	43748.1685958433
6.12000000000678	40925.0416584642
5.76000000000679	37919.4294407738
5.40000000000679	34897.4078500325
5.04000000000680	31876.7444627460
4.68000000000681	28857.5260653641
4.32000000000682	25839.0693178176
3.96000000000683	22822.1403622069
3.60000000000683	19809.3172925127
3.24000000000684	16799.3005012044
2.88000000000685	13792.1450311381
2.52000000000686	10788.3009104634
2.16000000000686	7787.64074856250
1.80000000000687	4790.57291663899
1.44000000000688	1408.80157802057
1.08000000000689	-2125.15206725927
0.720000000006895	-6565.04643125444
0.360000000006902	-11184.0184109170
6.91010261367315e-12	-16867.6872288507
-0.359999999993082	-21433.5275662131
-0.719999999993075	-24816.8114685253
-1.07999999999307	-28219.8387583845
-1.43999999999306	-32889.7072357596
-1.79999999999305	-37558.6354592117
-2.15999999999304	-42096.3160341543
-2.51999999999304	-46259.7254999014
-2.87999999999303	-50428.5140893466
-3.23999999999302	-54490.5555615885
-3.59999999999301	-58427.6885415647
-3.95999999999301	-62245.2874927882
-4.31999999999300	-65692.5623061556
-4.67999999999299	-68682.7819072867
-5.03999999999298	-71567.4675109487
-5.39999999999297	-74422.4018548924
-5.75999999999297	-77169.6950838574
-6.11999999999296	-79883.7977234908
-6.47999999999295	-82593.6358575616
-6.83999999999294	-85298.3916713759
-7.19999999999294	-87910.2998546626
-7.55999999999293	-90470.9045698271
-7.91999999999292	-93045.5622585251
-8.27999999999291	-95840.6580249344
-8.63999999999291	-99028.5064770375
-8.99999999999290	-101244.725368664
-9.35999999999289	-102832.083643003
-9.71999999999288	-104417.553220138
-10.0799999999929	-105946.576502755
-10.4399999999929	-107407.346115890
-10.7999999999929	-108808.050143203
-11.1599999999929	-110164.251877943
-11.5199999999928	-111488.717382859
-11.8799999999928	-112794.012897607
-12.2399999999928	-114078.443274625
-12.5999999999928	-115334.635838131
-12.9599999999928	-116563.411533568
-13.3199999999928	-117768.977970115
-13.6799999999928	-118950.698696357
-14.0399999999928	-120108.128930081
-14.3999999999928	-121255.482401176
-14.7599999999928	-122411.687325106
-15.1199999999928	-123543.606202941
-15.4799999999928	-124648.585718880
-15.8399999999928	-125727.452124043
-16.1999999999927	-126757.651118115
-16.5599999999927	-127716.456384236
-16.9199999999927	-128647.623463976
-17.2799999999927	-129556.023518284
-17.6399999999927	-130436.653801379
-17.9999999999927	-131245.914376371
-17.6400000000073	-128734.097274075
-17.2800000000073	-126089.982959815
-16.9200000000073	-123365.721285906
-16.5600000000073	-120655.493398579
-16.2000000000073	-117957.431593344
-15.8400000000073	-115291.036508356
-15.4800000000073	-112618.077842486
-15.1200000000074	-109941.545088422
-14.7600000000074	-107261.953975006
-14.4000000000074	-104582.507129063
-14.0400000000074	-101903.224900149
-13.6800000000074	-99224.0230360607
-13.3200000000074	-96544.8217139476
-12.9600000000074	-93870.2766935107
-12.6000000000074	-91199.6147709670
-12.2400000000074	-88528.9872904185
-11.8800000000074	-85866.0269038633
-11.5200000000074	-83204.5033391851
-11.1600000000074	-80543.1300426708
-10.8000000000074	-77882.0668632464
-10.4400000000075	-75221.1189169765
-10.0800000000075	-72560.3320585751
-9.72000000000747	-69899.7544213483
-9.36000000000747	-67243.8051011324
-9.00000000000748	-64564.4883815589
-8.64000000000749	-61870.8186036784
-8.28000000000750	-59173.6457054483
-7.92000000000751	-56468.8476948193
-7.56000000000751	-53763.6669917815
-7.20000000000752	-51057.8933089103
-6.84000000000753	-48355.0557844153
-6.48000000000754	-45621.0450055921
-6.12000000000754	-42859.7665030068
-5.76000000000755	-40060.1607362407
-5.40000000000756	-37262.5732959037
-5.04000000000757	-34466.6736442343
-4.68000000000757	-31591.9640960080
-4.32000000000758	-28633.9536538262
-3.96000000000759	-25649.6952789126
-3.60000000000760	-22337.1532409021
-3.24000000000760	-18648.6321624404
-2.88000000000761	-14777.3636491506
-2.52000000000762	-10756.3471259117
-2.16000000000763	-6687.32879620200
-1.80000000000764	-2459.50198554920
-1.44000000000764	1784.82469060129
-1.08000000000765	6020.95195630790
-0.720000000007658	10576.0257640253
-0.360000000007666	14355.4605535340
-7.67338447607736e-12	17411.5079766562
0.359999999992319	20488.3066881728
0.719999999992311	22659.3623259842
1.07999999999230	24717.9498537213
1.43999999999230	26606.8799332296
1.79999999999229	28227.7509390177
2.15999999999228	29728.6852776537
2.51999999999227	31743.2278647791
2.87999999999226	33766.9037744708
3.23999999999226	36196.6398831256
3.59999999999225	38815.4737251118
3.95999999999224	41434.0465763723
4.31999999999223	44052.4344363752
4.67999999999223	46669.2864986222
5.03999999999222	49285.3890040396
5.39999999999221	51900.5509075582
5.75999999999220	54514.7836339304
6.11999999999219	57128.5945940717
6.47999999999219	59565.0886103028
6.83999999999218	61966.5630420257
7.19999999999217	64345.1031305418
7.55999999999216	66612.1239497891
7.91999999999216	68796.8332730524
8.27999999999215	70871.0605113680
8.63999999999214	72943.9397220904
8.99999999999213	75010.5686708374
9.35999999999213	77057.4805877761
9.71999999999212	79089.5920524560
10.0799999999921	81113.5344079206
10.4399999999921	83130.8675884241
10.7999999999921	85141.1870532653
11.1599999999921	87147.1175233673
11.5199999999921	89133.8921844708
11.8799999999921	91111.0678835354
12.2399999999921	93068.7218067921
12.5999999999921	95007.9264744010
12.9599999999920	96935.9496818260
13.3199999999920	98847.6665883094
13.6799999999920	100734.783597345
14.0399999999920	102600.351294051
14.3999999999920	104446.572916384
14.7599999999920	106270.462314493
15.1199999999920	108068.892114310
15.4799999999920	109838.644851840
15.8399999999920	111596.680370029
16.1999999999920	113323.716955031
16.5599999999920	115036.522565573
16.9199999999920	116772.321119300
17.2799999999920	118529.344235136
17.6399999999920	120435.387027739
17.9999999999919	121935.438164212
17.6400000000081	119481.132392828
17.2800000000081	116901.345982619
16.9200000000081	114235.584064580
16.5600000000081	111608.051349060
16.2000000000081	109035.406631397
15.8400000000081	106461.597105236
15.4800000000081	103908.122618913
15.1200000000081	101354.546121417
14.7600000000081	98800.9859423877
14.4000000000081	96247.4529270230
14.0400000000081	93693.9826992116
13.6800000000081	91137.9270196072
13.3200000000082	88573.7608181683
12.9600000000082	86009.5902620488
12.6000000000082	83445.4282324971
12.2400000000082	80880.8553017594
11.8800000000082	78298.5016943780
11.5200000000082	75706.2307179647
11.1600000000082	73107.2086890545
10.8000000000082	70508.1745249266
10.4400000000082	67908.8964881308
10.0800000000082	65291.4262129712
9.72000000000823	62674.9124662746
9.36000000000824	60058.4130881175
9.00000000000825	57443.5741653116
8.64000000000826	54830.5606753264
8.28000000000826	52214.4589647733
7.92000000000827	49586.5146226086
7.56000000000828	46958.5190323822
7.20000000000829	44287.8688017215
6.84000000000830	41493.4644216113
6.48000000000830	38626.0876334319
6.12000000000831	35718.0687957595
5.76000000000832	32793.5778260589
5.40000000000833	29789.9990337163
5.04000000000833	26646.1203014319
4.68000000000834	23502.2962963948
4.32000000000835	20358.3640821550
3.96000000000836	17214.6489283402
3.60000000000836	14182.8492419119
3.24000000000837	11640.4953403891
2.88000000000838	9412.56989704137
2.52000000000839	7557.82399070473
2.16000000000840	5703.37054433640
1.80000000000840	3849.37972871502
1.44000000000841	2154.77276198672
1.08000000000842	858.248232815531
0.720000000008425	-348.652270714571
0.360000000008433	-1533.52089984187
8.44063750507105e-12	-2698.96043678971
-0.359999999991552	-3863.69751861740
-0.719999999991544	-5027.61194846171
-1.07999999999154	-6237.83987218680
-1.43999999999153	-8498.42280075450
-1.79999999999152	-10864.8362620381
-2.15999999999151	-13231.1560323969
-2.51999999999151	-15638.1371938949
-2.87999999999150	-18399.1972335168
-3.23999999999149	-21507.7985535232
-3.59999999999148	-24714.9910558588
-3.95999999999147	-27983.2056520768
-4.31999999999147	-30938.5495516072
-4.67999999999146	-33893.9711642713
-5.03999999999145	-36718.1311951060
-5.39999999999144	-39507.6624350835
-5.75999999999144	-42299.4998232646
-6.11999999999143	-45086.3430602926
-6.47999999999142	-47818.7031004515
-6.83999999999141	-50536.5910454836
-7.19999999999141	-53232.5653064337
-7.55999999999140	-55926.6414813890
-7.91999999999139	-58618.6843899625
-8.27999999999138	-61308.4950302471
-8.63999999999137	-63993.4594636256
-8.99999999999137	-66666.2407486694
-9.35999999999136	-69316.9489041797
-9.71999999999135	-71948.3403806311
-10.0799999999913	-74577.0390620095
-10.4399999999913	-77202.0896328981
-10.7999999999913	-79823.0159772739
-11.1599999999913	-82439.0234185585
-11.5199999999913	-85049.2741343902
-11.8799999999913	-87651.0704560724
-12.2399999999913	-90244.4551501523
-12.5999999999913	-92829.1504931671
-12.9599999999913	-95403.2435727306
-13.3199999999913	-97975.6757069121
-13.6799999999913	-100538.493619309
-14.0399999999913	-103095.638912633
-14.3999999999913	-105635.862901477
-14.7599999999912	-108154.802791332
-15.1199999999912	-110650.038866312
-15.4799999999912	-113115.705685161
-15.8399999999912	-115538.904410497
-16.1999999999912	-117901.136643732
-16.5599999999912	-120272.130321619
-16.9199999999912	-122631.217673288
-17.2799999999912	-125003.080765171
-17.6399999999912	-127168.801581932
-17.9999999999912	-128876.848515376
-17.6400000000088	-126373.781348360
-17.2800000000088	-123738.959465095
-16.9200000000088	-121032.422223225
-16.5600000000089	-118344.558935739
-16.2000000000089	-115677.049547789
-15.8400000000089	-113034.410921829
-15.4800000000089	-110389.978384734
-15.1200000000089	-107739.087992006
-14.7600000000089	-105083.711572096
-14.4000000000089	-102413.338528649
-14.0400000000089	-99742.9962719116
-13.6800000000089	-97072.6947775250
-13.3200000000089	-94402.5000156670
-12.9600000000089	-91739.9997240201
-12.6000000000089	-89077.9654133201
-12.2400000000089	-86416.1254857791
-11.8800000000090	-83762.8438461685
-11.5200000000090	-81117.0068921043
-11.1600000000090	-78471.1972518669
-10.8000000000090	-75822.9015148537
-10.4400000000090	-73169.7422040238
-10.0800000000090	-70516.6408146118
-9.72000000000900	-67866.3563299500
-9.36000000000901	-65218.8701085459
-9.00000000000902	-62570.6589511970
-8.64000000000902	-59883.3512306651
-8.28000000000903	-57196.4709160055
-7.92000000000904	-54505.7169268612
-7.56000000000905	-51805.7108317840
-7.20000000000906	-49105.4252514775
-6.84000000000906	-46407.5884687505
-6.48000000000907	-43693.7081759142
-6.12000000000908	-40960.3349265613
-5.76000000000909	-38166.1001163686
-5.40000000000909	-35370.1469362177
-5.04000000000910	-32572.1175593961
-4.68000000000911	-29763.8250179269
-4.32000000000912	-26821.0446174125
-3.96000000000912	-23857.0392626859
-3.60000000000913	-20636.9130865693
-3.24000000000914	-17710.0889496522
-2.88000000000915	-14613.2299808825
-2.52000000000915	-12230.0372589709
-2.16000000000916	-9871.62211464530
-1.80000000000917	-7499.83994498770
-1.44000000000918	-5128.49965204331
-1.08000000000919	-3671.57098932420
-0.720000000009193	-2501.20671324950
-0.360000000009201	-1331.20404798920
-9.20852204032560e-12	-161.540729524408
0.539999999986176	1591.86960242300
1.07999999998616	3344.00593748811
1.61999999998615	5095.02112770313
2.15999999998614	7445.39693396189
2.69999999998613	10196.5482273803
3.23999999998612	13097.3410386257
3.77999999998611	16868.0160373997
4.31999999998609	21529.8597200518
4.85999999998608	26242.8109106284
5.39999999998607	30920.7890586512
5.93999999998606	35334.8487468721
6.47999999998605	39679.4905319822
7.01999999998604	43896.4930311497
7.55999999998603	47892.8017466417
8.09999999998601	51827.3461614798
8.63999999998600	55744.0178576781
9.17999999998599	59652.7409050483
9.71999999998598	63562.3070423743
10.2599999999860	67457.4487327578
10.7999999999860	71331.4097531685
11.3399999999859	75198.5464998922
11.8799999999859	79049.5045401189
12.4199999999859	82872.7029099247
12.9599999999859	86656.8579563909
13.4999999999859	90412.4229858030
14.0399999999859	94134.0168712879
14.5799999999859	97826.3369038668
15.1199999999859	101482.462574957
15.6599999999859	105094.535125569
16.1999999999858	108686.170690212
16.7399999999858	112243.282711728
17.2799999999858	115840.597829998
17.8199999999858	119070.637672791
18.3599999999858	120782.137650978
18.8999999999858	122262.374131583
19.4399999999858	123573.370334554
19.9799999999858	124637.948689468
20.5199999999857	125633.762533233
21.0599999999857	126567.846165723
21.5999999999857	127438.500653407
22.1399999999857	128256.731089992
22.6799999999857	129029.889497139
23.2199999999857	129761.806686471
23.7599999999857	130450.344546555
24.2999999999857	131105.284349336
24.8399999999857	131729.471111110
25.3799999999856	132325.312665687
25.9199999999856	132894.883570036
26.4599999999856	133440.088875133
26.9999999999856	133962.624576477
26.4600000000144	130807.589130405
25.9200000000144	127446.402578865
25.3800000000144	124187.681407819
24.8400000000144	120983.860489826
24.3000000000144	117788.079298807
23.7600000000145	114592.418889320
23.2200000000145	111396.931193634
22.6800000000145	108201.711943709
22.1400000000145	105006.970697459
21.6000000000145	101812.717424921
21.0600000000145	98619.1280895772
20.5200000000145	95426.4386427280
19.9800000000145	92234.9774179531
19.4400000000145	89044.9740868326
18.9000000000146	85856.8469906450
18.3600000000146	82670.9231168140
17.8200000000146	79483.3353789916
17.2800000000146	76293.7049335746
16.7400000000146	73109.6306278698
16.2000000000146	69930.7819108303
15.6600000000146	66757.4811953331
15.1200000000146	63590.6441945493
14.5800000000147	60422.0319109954
14.0400000000147	57252.9456809850
13.5000000000147	54095.9233593276
12.9600000000147	50951.1887102301
12.4200000000147	47811.7029696321
11.8800000000147	44682.3751027653
11.3400000000147	41568.7423914330
10.8000000000147	38472.2644734134
10.2600000000147	35382.0773709514
9.72000000001476	32291.3451551225
9.18000000001477	29207.5697666210
8.64000000001478	26138.9507578419
8.10000000001479	23065.9787662343
7.56000000001480	20015.6019838272
7.02000000001481	16958.1307156637
6.48000000001483	13881.7824122468
5.94000000001484	10485.6606536267
5.40000000001485	6998.24221980698
4.86000000001486	3499.67202103596
4.32000000001487	-259.106418244148
3.78000000001488	-4088.37852976135
3.24000000001489	-7894.21904938221
2.70000000001491	-11674.8687195135
2.16000000001492	-15345.8706000350
1.62000000001493	-18287.9651668336
1.08000000001494	-20635.9484275308
0.540000000014953	-22850.5450684670
1.49647879808465e-11	-23868.7891737935
-0.539999999985024	-24880.0485045430
-1.07999999998501	-26787.6147873695
-1.61999999998500	-29601.5693716140
-2.15999999998499	-32413.1022850128
-2.69999999998498	-35404.7818181475
-3.23999999998497	-39287.6749489333
-3.77999999998496	-43483.0907792413
-4.31999999998495	-47696.4078989828
-4.85999999998493	-51300.4881154320
-5.39999999998492	-54618.8007292064
-5.93999999998491	-57899.9547473158
-6.47999999998490	-61171.9316834440
-7.01999999998489	-64410.0811351687
-7.55999999998488	-67528.0506041389
-8.09999999998487	-70601.9788432324
-8.63999999998485	-73675.5279621828
-9.17999999998484	-76700.1630325075
-9.71999999998483	-79717.2615324147
-10.2599999999848	-82731.8782604647
-10.7999999999848	-85728.4566817481
-11.3399999999848	-88723.0771312526
-11.8799999999848	-91728.9832462621
-12.4199999999848	-94741.6707196686
-12.9599999999848	-97700.4087939657
-13.4999999999847	-100631.052856413
-14.0399999999847	-103537.378413919
-14.5799999999847	-106406.964088212
-15.1199999999847	-109234.431204393
-15.6599999999847	-112007.273899591
-16.1999999999847	-114710.478845916
-16.7399999999847	-117295.016918439
-17.2799999999847	-119896.120441068
-17.8199999999847	-122415.423574453
-18.3599999999846	-124062.259988587
-18.8999999999846	-125603.375895201
-19.4399999999846	-127035.184139861
-19.9799999999846	-128352.051962486
-20.5199999999846	-129495.916180321
-21.0599999999846	-130559.640115294
-21.5999999999846	-131573.289604098
-22.1399999999846	-132543.353265384
-22.6799999999846	-133474.039160051
-23.2199999999845	-134363.955485996
-23.7599999999845	-135213.700774592
-24.2999999999845	-136031.846387955
-24.8399999999845	-136853.940084869
-25.3799999999845	-137673.434340998
-25.9199999999845	-138454.977015197
-26.4599999999845	-139146.398748973
-26.9999999999845	-139808.299389832
-26.4600000000156	-136624.963458288
-25.9200000000156	-133215.529904506
-25.3800000000156	-129850.684356662
-24.8400000000156	-126515.538892368
-24.3000000000156	-123179.168821003
-23.7600000000156	-119842.910014356
-23.2200000000156	-116506.836234309
-22.6800000000156	-113171.433477648
-22.1400000000157	-109854.557459104
-21.6000000000157	-106551.125118142
-21.0600000000157	-103252.696198425
-20.5200000000157	-99955.9952155805
-19.9800000000157	-96661.9330855604
-19.4400000000157	-93305.2835181567
-18.9000000000157	-89952.6110397810
-18.3600000000157	-86605.2694022614
-17.8200000000157	-83253.8789571802
-17.2800000000158	-79892.2769091762
-16.7400000000158	-76535.4296165858
-16.2000000000158	-73185.8443172438
-15.6600000000158	-69849.6486464590
-15.1200000000158	-66511.1755737133
-14.5800000000158	-63180.5234337170
-14.0400000000158	-59859.7715994477
-13.5000000000158	-56550.1625250206
-12.9600000000158	-53252.9723868298
-12.4200000000159	-49969.0671197405
-11.8800000000159	-46687.6658804344
-11.3400000000159	-43423.2292236740
-10.8000000000159	-40178.5715815212
-10.2600000000159	-36952.9496939917
-9.72000000001592	-33747.6815231547
-9.18000000001593	-30564.0192976937
-8.64000000001594	-27403.1338712343
-8.10000000001595	-24263.1024180358
-7.56000000001596	-21087.2827082488
-7.02000000001597	-17936.7921581938
-6.48000000001598	-14813.4734691985
-5.94000000001600	-11699.8761732754
-5.40000000001601	-8591.43200998061
-4.86000000001602	-5461.13064918772
-4.32000000001603	-2281.20587126221
-3.78000000001604	537.015262109315
-3.24000000001605	3582.75146202580
-2.70000000001606	6804.33876613141
-2.16000000001608	8771.21205716621
-1.62000000001609	9977.50568352251
-1.08000000001610	11076.3904745609
-0.540000000016110	12171.5120473916
-1.61218812280185e-11	13262.5328249905
0.539999999983964	14349.4426131587
1.07999999998405	15456.4382884200
1.61999999998413	16561.6529117045
2.15999999998422	17667.6984492498
2.69999999998430	18778.8813584175
3.23999999998439	19888.2391965719
3.77999999998447	21300.7433255762
4.31999999998455	23722.5555528433
4.85999999998464	26480.1674507116
5.39999999998472	29153.0542470933
5.93999999998481	31900.1280545355
6.47999999998489	35160.7148192929
7.01999999998498	38306.1951790036
7.55999999998506	41322.1678362154
8.09999999998515	44346.4643253833
8.63999999998523	47317.2827042478
9.17999999998531	50247.4530269707
9.71999999998540	53090.1652437472
10.2599999999855	55914.6670293289
10.7999999999856	58728.7026967986
11.3399999999857	61524.7747349723
11.8799999999857	64293.8854316544
12.4199999999858	67029.5349496844
12.9599999999859	69707.2946226277
13.4999999999860	72359.0122309287
14.0399999999861	74987.9881517588
14.5799999999862	77593.9304649841
15.1199999999862	80168.8129161808
15.6599999999863	82706.3747089910
16.1999999999864	85219.4201222063
16.7399999999865	87693.7293291507
17.2799999999866	90117.6284560789
17.8199999999867	92513.0867521573
18.3599999999868	94879.5731558101
18.8999999999868	97216.2857539811
19.4399999999869	99522.3224820447
19.9799999999870	101796.696415351
20.5199999999871	104038.189457981
21.0599999999872	106245.581647752
21.5999999999873	108417.605684598
22.1399999999873	110552.973923966
22.6799999999874	112650.384469236
23.2199999999875	114708.848302430
23.7599999999876	116727.447064239
24.2999999999877	118697.861784247
24.8399999999878	120641.049144406
25.3799999999878	122567.032994957
25.9199999999879	124526.014661556
26.4599999999880	126506.614970779
26.9999999999881	127856.662409040
26.4600000000118	124721.941021373
25.9200000000117	121363.833360357
25.3800000000116	118120.882176590
24.8400000000116	114899.557345393
24.3000000000115	111685.343504677
23.7600000000114	108471.377484258
23.2200000000113	105257.643740305
22.6800000000112	102044.208032424
22.1400000000111	98831.2003122741
21.6000000000110	95618.7701656236
21.0600000000110	92407.0908570213
20.5200000000109	89196.7016969881
19.9800000000108	85989.9003342655
19.4400000000107	82785.2232320181
18.9000000000106	79582.7484356443
18.3600000000105	76371.0393747301
17.8200000000105	73162.5645989115
17.2800000000104	69959.5299116837
16.7400000000103	66761.1219609483
16.2000000000102	63569.5483895808
15.6600000000101	60384.9981147906
15.1200000000100	57207.8193820992
14.5800000000099	54024.3789270405
14.0400000000099	50848.8143562277
13.5000000000098	47684.6752343421
12.9600000000097	44525.9264015981
12.4200000000096	41377.1288704789
11.8800000000095	38243.2733816337
11.3400000000094	35125.4694461676
10.8000000000094	32024.7602384186
10.2600000000093	28935.8817408531
9.72000000000919	25852.8498398791
9.18000000000911	22791.5023345040
8.64000000000902	19754.7659632062
8.10000000000894	16739.6943776494
7.56000000000885	13745.2914343148
7.02000000000877	11088.9968605525
6.48000000000868	8721.88107965959
5.94000000000860	6554.20509998777
5.40000000000851	4460.77920511800
4.86000000000843	3130.35864613924
4.32000000000835	1825.03454838067
3.78000000000826	541.715327284415
3.24000000000818	-697.531736347723
2.70000000000809	-1895.60099037222
2.16000000000801	-3087.54441316416
1.62000000000792	-4275.95410271414
1.08000000000784	-5460.35007973743
0.540000000007754	-6639.60943395323
7.67031417222598e-12	-7814.14498259401
-0.539999999992414	-8983.47960271270
-1.07999999999250	-10147.4760278589
-1.61999999999258	-11306.0325134347
-2.15999999999267	-12459.3737215240
-2.69999999999275	-13607.3173928281
-3.23999999999284	-14749.3772223925
-3.77999999999292	-15885.3724477036
-4.31999999999301	-17015.0894359426
-4.85999999999309	-18299.4660914032
-5.39999999999318	-20705.3896205635
-5.93999999999326	-23408.8926567078
-6.47999999999335	-26103.8039778744
-7.01999999999343	-29025.0100299885
-7.55999999999351	-32438.5546984644
-8.09999999999360	-35803.9281832200
-8.63999999999368	-39104.0092079596
-9.17999999999377	-42392.1816357396
-9.71999999999385	-45667.0436786565
-10.2599999999939	-48927.1265913328
-10.7999999999940	-52170.9579376779
-11.3399999999941	-55389.7965250453
-11.8799999999942	-58585.0436150401
-12.4199999999943	-61760.4767249946
-12.9599999999944	-64914.1618855068
-13.4999999999944	-68044.8957456372
-14.0399999999945	-71153.9316499625
-14.5799999999946	-74239.3937955865
-15.1199999999947	-77298.8623777994
-15.6599999999948	-80326.3457368839
-16.1999999999949	-83319.5851031746
-16.7399999999950	-86288.1016891662
-17.2799999999950	-89228.1919763420
-17.8199999999951	-92123.0343149368
-18.3599999999952	-94988.0001338735
-18.8999999999953	-97822.1426614440
-19.4399999999954	-100605.634075679
-19.9799999999955	-103332.218940757
-20.5199999999955	-106026.265482331
-21.0599999999956	-108686.279944731
-21.5999999999957	-111311.214723082
-22.1399999999958	-113900.043132824
-22.6799999999959	-116458.324592942
-23.2199999999960	-119005.505781422
-23.7599999999960	-121521.946534424
-24.2999999999961	-123999.363801863
-24.8399999999962	-126437.335116055
-25.3799999999963	-128834.918391831
-25.9199999999964	-131243.497268125
-26.4599999999965	-133600.345741866
-26.9999999999966	-135250.810531031
-26.4600000000034	-132084.699175567
-25.9200000000033	-128693.558430840
-25.3800000000032	-125338.926551938
-24.8400000000031	-122013.309344148
-24.3000000000030	-118686.507138021
-23.7600000000030	-115359.822216438
-23.2200000000029	-112033.335153752
-22.6800000000028	-108708.090337183
-22.1400000000027	-105405.926815830
-21.6000000000026	-102115.668939954
-21.0600000000025	-98826.4079090265
-20.5200000000024	-95541.7200962475
-19.9800000000024	-92197.5029636103
-19.4400000000023	-88850.7629692986
-18.9000000000022	-85508.3666971410
-18.3600000000021	-82180.1438726334
-17.8200000000020	-78852.7980121590
-17.2800000000019	-75510.6517745605
-16.7400000000019	-72173.4351039607
-16.2000000000018	-68840.7411153597
-15.6600000000017	-65510.2080850566
-15.1200000000016	-62188.6622760310
-14.5800000000015	-58873.0706461494
-14.0400000000014	-55567.0086064467
-13.5000000000014	-52270.9754186474
-12.9600000000013	-48974.1009961983
-12.4200000000012	-45691.3637985658
-11.8800000000011	-42423.9072719185
-11.3400000000010	-39173.0732644846
-10.8000000000009	-35942.1665330179
-10.2600000000008	-32729.7145442664
-9.72000000000076	-29535.8777831736
-9.18000000000067	-26361.3764603998
-8.64000000000059	-23208.0773982937
-8.10000000000051	-20077.0022987415
-7.56000000000042	-17059.4173892189
-7.02000000000034	-14816.5391842127
-6.48000000000025	-12592.3553822013
-5.94000000000017	-10583.7785705137
-5.40000000000008	-9352.01329107239
-4.86000000000000	-8125.32310155281
-4.31999999999992	-6903.71475334730
-3.77999999999983	-5687.19566569902
-3.23999999999975	-4475.86319786520
-2.69999999999966	-3269.79868416820
-2.15999999999958	-2069.48051170880
-1.61999999999949	-875.016768727888
-1.07999999999941	314.232346873789
-0.539999999999324	1498.24314180372
1.01596485605339e-12	2676.95043706009
0.720000000001129	4240.16539299094
1.44000000000124	5793.55347576406
2.16000000000135	7337.11374548027
2.88000000000147	8939.03203034103
3.60000000000158	10538.6789455073
4.32000000000169	12129.3324571458
5.04000000000180	13709.6888153759
5.76000000000192	15805.6654213597
6.48000000000203	18781.4949197795
7.20000000000214	22206.9073240343
7.92000000000226	26288.7323145769
8.64000000000237	30543.4646771352
9.36000000000248	34759.0703740841
10.0800000000026	38947.1415780447
10.8000000000027	43107.9026266638
11.5200000000028	47240.5288976994
12.2400000000029	51323.4921481124
12.9600000000030	55364.6777730451
13.6800000000032	59328.6033675645
14.4000000000033	63254.2873673469
15.1200000000034	67141.6010637330
15.8400000000035	70991.7317910437
16.5600000000036	74805.5196036760
17.2800000000037	78576.7523547877
18.0000000000038	82302.1191712370
18.7200000000039	85989.4685940617
19.4400000000041	89639.9334747971
20.1600000000042	93252.0889450547
20.8800000000043	96824.0279584507
21.6000000000044	100353.936744647
22.3200000000045	103839.303442485
23.0400000000046	107276.978351604
23.7600000000047	110663.093884838
24.4800000000048	113993.405231513
25.2000000000050	117277.642809886
25.9200000000051	120560.726267742
26.6400000000052	123800.030032931
27.3600000000053	125693.237250642
28.0800000000054	127042.961342795
28.8000000000055	128310.763236848
29.5200000000056	129500.170644695
30.2400000000057	130552.169032198
30.9600000000059	131483.011237962
31.6800000000060	132321.073374577
32.4000000000061	133087.942028958
33.1200000000062	133802.512063764
33.8400000000063	134469.864055787
34.5600000000064	135095.729014892
35.2800000000065	135684.626826593
35.9999999999933	136240.647917661
35.2799999999932	132352.517174019
34.5599999999931	128376.570875371
33.8399999999930	124482.766769669
33.1199999999929	120595.663708977
32.3999999999928	116710.426532238
31.6799999999927	112828.024587752
30.9599999999926	108949.446568965
30.2399999999924	105077.294539972
29.5199999999923	101212.688436091
28.7999999999922	97356.5278110836
28.0799999999921	93510.8462051951
27.3599999999920	89678.0482384701
26.6399999999919	85859.6071463112
25.9199999999918	82057.4247354397
25.1999999999917	78273.6704785918
24.4799999999915	74512.2248647152
23.7599999999914	70775.7100183187
23.0399999999913	67064.8138730139
22.3199999999912	63381.7860638473
21.5999999999911	59720.1288995160
20.8799999999910	56076.8022857690
20.1599999999909	52465.5903334240
19.4399999999908	48888.1181610045
18.7199999999906	45348.2742230251
17.9999999999905	41845.1727137377
17.2799999999904	38380.2317774872
16.5599999999903	34954.8244277067
15.8399999999902	31559.2820351319
15.1199999999901	28197.7419348180
14.3999999999900	24884.0121426981
13.6799999999899	21616.8065858828
12.9599999999897	18391.6715547729
12.2399999999896	15203.6316723795
11.5199999999895	12063.6964614989
10.7999999999894	8972.46587120160
10.0799999999893	5930.44777213023
9.35999999998918	2937.55321147168
8.63999999998907	-28.7733813694795
7.91999999998896	-2686.60357021404
7.19999999998885	-5054.87679379998
6.47999999998873	-7461.18889373660
5.75999999998862	-10063.6219170579
5.03999999998851	-12107.3976368854
4.31999999998840	-13275.0034657540
3.59999999998828	-14434.3085781632
2.87999999998817	-15585.0529196029
2.15999999998806	-16724.9216934122
1.43999999998795	-17858.5588982552
0.719999999987835	-18984.7044170484
-1.22779581369480e-11	-20103.5635043938
-0.720000000012391	-21215.2410202457
-1.44000000001250	-22319.8359216804
-2.16000000001262	-23387.3793337888
-2.88000000001273	-24419.9464273192
-3.60000000001284	-25446.8377850243
-4.32000000001295	-26467.0216845666
-5.04000000001306	-28094.4524753403
-5.76000000001318	-31038.7759080031
-6.48000000001329	-34243.8140579826
-7.20000000001340	-37752.3300148535
-7.92000000001351	-41737.1790511189
-8.64000000001363	-45626.7688005270
-9.36000000001374	-49459.1943445166
-10.0800000000139	-53259.2091460637
-10.8000000000140	-57016.6535165468
-11.5200000000141	-60741.9702416165
-12.2400000000142	-64435.7601797061
-12.9600000000143	-68096.9786344633
-13.6800000000144	-71674.1985707452
-14.4000000000145	-75211.8603928734
-15.1200000000146	-78710.9276469877
-15.8400000000148	-82165.0248714510
-16.5600000000149	-85575.1586305775
-17.2800000000150	-88950.1186561461
-18.0000000000151	-92263.7001544651
-18.7200000000152	-95533.6046530062
-19.4400000000153	-98766.8664883861
-20.1600000000154	-101961.458179314
-20.8800000000155	-105111.398769178
-21.6000000000157	-108200.855151345
-22.3200000000158	-111246.254370664
-23.0400000000159	-114241.675962454
-23.7600000000160	-117209.654565718
-24.4800000000161	-120124.099869817
-25.2000000000162	-122959.554252701
-25.9200000000163	-125710.608678608
-26.6400000000164	-128461.271389120
-27.3600000000166	-130342.017025522
-28.0800000000167	-131953.271475834
-28.8000000000168	-133458.430978268
-29.5200000000169	-134874.614754052
-30.2400000000170	-136088.875564679
-30.9600000000171	-137183.154738762
-31.6800000000172	-138217.621868555
-32.4000000000173	-139194.891126658
-33.1200000000174	-140121.514521363
-33.8400000000176	-141001.217959641
-34.5600000000177	-141837.151957990
-35.2800000000178	-142684.276377353
-35.9999999999821	-143247.577596805
-35.2799999999820	-139324.811025053
-34.5599999999819	-135264.971557631
-33.8399999999818	-131239.609892528
-33.1199999999816	-127217.085607408
-32.3999999999815	-123210.120506863
-31.6799999999814	-119223.824589247
-30.9599999999813	-115252.213270406
-30.2399999999812	-111285.514358442
-29.5199999999811	-107324.209561959
-28.7999999999810	-103372.436539097
-28.0799999999809	-99406.5874259826
-27.3599999999807	-95405.5644467249
-26.6399999999806	-91418.4398220840
-25.9199999999805	-87446.7242778005
-25.1999999999804	-83493.4647798465
-24.4799999999803	-79567.9081302345
-23.7599999999802	-75664.6923866252
-23.0399999999801	-71774.3148084465
-22.3199999999800	-67891.2804132444
-21.5999999999798	-64030.5290640883
-20.8799999999797	-60213.7606378779
-20.1599999999796	-56432.2059212060
-19.4399999999795	-52690.8320452296
-18.7199999999794	-48992.8210790699
-17.9999999999793	-45331.6854992672
-17.2799999999792	-41708.8588927344
-16.5599999999791	-38125.7254409084
-15.8399999999789	-34583.6300914668
-15.1199999999788	-31083.8842063108
-14.3999999999787	-27627.7657213896
-13.6799999999786	-24216.5076493953
-12.9599999999785	-20851.2962147191
-12.2399999999784	-17496.2332136507
-11.5199999999783	-14181.5978947136
-10.7999999999782	-10915.7241961217
-10.0799999999780	-7690.02727694318
-9.35999999997793	-4508.88115695730
-8.63999999997782	-1683.22995926850
-7.91999999997770	943.030490166391
-7.19999999997759	3543.65824574509
-6.47999999997748	5961.27866600931
-5.75999999997737	7271.63473054511
-5.03999999997725	8376.50182039911
-4.31999999997714	9472.64916297200
-3.59999999997703	10560.2548038086
-2.87999999997692	11639.6810705821
-2.15999999997680	12710.9629302413
-1.43999999997669	13773.4547318233
-0.719999999976580	14825.6690544711
2.35328285449945e-11	15869.0990051453
0.720000000023645	16934.3680882398
1.44000000002376	18034.8228280123
2.16000000002387	19128.1101842135
2.88000000002398	20212.7288479313
3.60000000002409	21288.6615542642
4.32000000002420	22356.9315031075
5.04000000002432	23416.1192879515
5.76000000002443	24466.2290496550
6.48000000002454	26142.3629956660
7.20000000002466	28237.9266151996
7.92000000002477	30876.0673919722
8.64000000002488	33705.8042598162
9.36000000002499	36782.3357671853
10.0800000000251	40054.8387854963
10.8000000000252	43296.9911535112
11.5200000000253	46493.7841713862
12.2400000000254	49655.3975968553
12.9600000000256	52779.0822659076
13.6800000000257	55862.9128003593
14.4000000000258	58913.4833846406
15.1200000000259	61949.2572509757
15.8400000000260	64952.6785323364
16.5600000000261	67917.5842391120
17.2800000000262	70857.0060641241
18.0000000000263	73773.5861175495
18.7200000000265	76669.3599136965
19.4400000000266	79542.4176946565
20.1600000000267	82391.9274131859
20.8800000000268	85195.6105132285
21.6000000000269	87955.9699876008
22.3200000000270	90686.4238295438
23.0400000000271	93385.4279530305
23.7600000000272	96046.1426039346
24.4800000000274	98659.9715029498
25.2000000000275	101225.336151508
25.9200000000276	103736.454634757
26.6400000000277	106187.630933048
27.3600000000278	108573.646448414
28.0800000000279	110890.159571135
28.8000000000280	113133.879082276
29.5200000000281	115303.402546713
30.2400000000283	117398.986151125
30.9600000000284	119422.384481120
31.6800000000285	121373.482358899
32.4000000000286	123253.142513232
33.1200000000287	125073.194842102
33.8400000000288	126851.982175114
34.5600000000289	128603.103842198
35.2800000000290	130391.280268595
35.9999999999708	131766.845812100
35.2799999999707	127891.490860494
34.5599999999706	123935.630842209
33.8399999999705	120035.848925896
33.1199999999704	116142.534817245
32.3999999999703	112251.445204037
31.6799999999702	108363.625547097
30.9599999999701	104479.608326765
30.2399999999699	100601.683813809
29.5199999999698	96731.5475516820
28.7999999999697	92871.0264525393
28.0799999999696	89022.1755799068
27.3599999999695	85192.2583000209
26.6399999999694	81378.2914344854
25.9199999999693	77582.0408534583
25.1999999999692	73807.4441472950
24.4799999999690	70054.6480755586
23.7599999999689	66327.3554156270
23.0399999999688	62626.1376652030
22.3199999999687	58936.8061165758
21.5999999999686	55273.3375325884
20.8799999999685	51640.7390266497
20.1599999999684	48040.3751548438
19.4399999999683	44473.5707647504
18.7199999999681	40951.4905879124
17.9999999999680	37486.1049944488
17.2799999999679	34050.1602312838
16.5599999999678	30641.8357642765
15.8399999999677	27273.8866216221
15.1199999999676	23944.5631428749
14.3999999999675	20654.2637946677
13.6799999999674	17403.5461330191
12.9599999999672	14570.4319149401
12.2399999999671	12378.1418648461
11.5199999999670	10210.6374759821
10.7999999999669	8066.32194418550
10.0799999999668	6243.71910843771
9.35999999996667	4926.93940577540
8.63999999996656	3619.96782702181
7.91999999996645	2323.04259698492
7.19999999996634	1053.91389416301
6.47999999996622	-193.456635215494
5.75999999996611	-1430.83626702879
5.03999999996600	-2662.65119626705
4.31999999996589	-3890.52034285932
3.59999999996577	-5108.27141702035
2.87999999996566	-6315.89915737524
2.15999999996555	-7513.35328179112
1.43999999996544	-8700.59657205013
0.719999999965325	-9877.65805478577
-3.47880634889164e-11	-11044.7012116341
-0.720000000034901	-12201.5080709955
-1.44000000003501	-13348.1264788035
-2.16000000003513	-14484.5868503834
-2.88000000003524	-15610.9267935118
-3.60000000003535	-16726.2476660490
-4.32000000003546	-17828.7017247593
-5.04000000003558	-18921.2988086713
-5.76000000003569	-20004.1524959484
-6.48000000003580	-21077.3884849342
-7.20000000003591	-22141.1436012096
-7.92000000003603	-23195.3147576285
-8.64000000003614	-25006.6592406859
-9.36000000003625	-27503.2599462664
-10.0800000000364	-29986.3807523609
-10.8000000000365	-32608.5498243928
-11.5200000000366	-36254.0578194856
-12.2400000000367	-39945.0503587020
-12.9600000000368	-43584.5690496492
-13.6800000000369	-47195.1976458921
-14.4000000000370	-50777.2312164175
-15.1200000000372	-54331.0969936922
-15.8400000000373	-57858.2942010836
-16.5600000000374	-61359.7358244959
-17.2800000000375	-64832.4986705013
-18.0000000000376	-68278.9148914742
-18.7200000000377	-71699.1266527611
-19.4400000000378	-75082.3076992353
-20.1600000000379	-78428.7700874734
-20.8800000000381	-81753.4650509045
-21.6000000000382	-85058.8458847088
-22.3200000000383	-88332.9088313576
-23.0400000000384	-91572.1446056982
-23.7600000000385	-94773.4212922060
-24.4800000000386	-97941.2325459153
-25.2000000000387	-101061.503448993
-25.9200000000388	-104131.336855971
-26.6400000000390	-107122.801806629
-27.3600000000391	-110019.634520263
-28.0800000000392	-112855.660194777
-28.8000000000393	-115634.855848082
-29.5200000000394	-118344.658429857
-30.2400000000395	-120983.308007497
-30.9600000000396	-123569.098427470
-31.6800000000397	-126103.823692715
-32.4000000000399	-128579.993280668
-33.1200000000400	-130996.737504720
-33.8400000000401	-133365.422951160
-34.5600000000402	-135676.778697364
-35.2800000000403	-137811.748216547
-35.9999999999596	-139110.122951321
-35.2799999999595	-135149.064404177
-34.5599999999594	-131125.650693366
-33.8399999999592	-127142.590739384
-33.1199999999591	-123160.718963375
-32.3999999999590	-119180.197338129
-31.6799999999589	-115219.665371421
-30.9599999999588	-111267.791774115
-30.2399999999587	-107315.858978688
-29.5199999999586	-103329.113151979
-28.7999999999585	-99354.7880097688
-28.0799999999583	-95392.0947399963
-27.3599999999582	-91441.4772893150
-26.6399999999581	-87506.2298760050
-25.9199999999580	-83592.9014006352
-25.1999999999579	-79698.3038747078
-24.4799999999578	-75797.9643467450
-23.7599999999577	-71904.9133538878
-23.0399999999576	-68049.1067083587
-22.3199999999574	-64221.5819173543
-21.5999999999573	-60434.9242455667
-20.8799999999572	-56680.7509972493
-20.1599999999571	-52960.4103251932
-19.4399999999570	-49273.0138373759
-18.7199999999569	-45619.7856827676
-17.9999999999568	-42001.8690915361
-17.2799999999567	-38422.8053194070
-16.5599999999565	-34881.7784103865
-15.8399999999564	-31379.2681220361
-15.1199999999563	-27916.3082747813
-14.3999999999562	-24493.9596770094
-13.6799999999561	-21368.3470258181
-12.9599999999560	-19017.4330865214
-12.2399999999559	-16669.3089079831
-11.5199999999558	-14340.6380263058
-10.7999999999556	-12541.7441452295
-10.0799999999555	-11234.1246697405
-9.35999999995541	-9935.76339500661
-8.63999999995530	-8646.78003400519
-7.91999999995519	-7367.28282022970
-7.19999999995508	-6097.38765257481
-6.47999999995496	-4837.18646649431
-5.75999999995485	-3588.62921154518
-5.03999999995474	-2347.16281092529
-4.31999999995463	-1112.70704709869
-3.59999999995451	116.743936589512
-2.87999999995440	1335.72583093282
-2.15999999995429	2545.98301664308
-1.43999999995417	3746.17197324366
-0.719999999954062	4935.74065446678
6.90720958077332e-11	6115.47839440672
1.08000000006924	7866.93126247026
2.16000000006941	9594.02879555317
3.24000000006958	11296.1578732805
4.32000000006975	12973.6491409126
5.40000000006992	14627.0238633940
6.48000000007008	16273.7983155860
7.56000000007026	18122.6092021276
8.64000000007043	19948.3602697599
9.72000000007059	23567.2928337181
10.8000000000708	27080.7466069392
11.8800000000709	31635.4664125084
12.9600000000711	36831.1914566446
14.0400000000713	41973.0199404478
15.1200000000714	47052.9137588126
16.2000000000716	52063.0379509398
17.2800000000718	57019.6859450646
18.3600000000719	61935.5646931391
19.4400000000721	66779.5906459244
20.5200000000723	71557.0412057427
21.6000000000724	76291.2416494344
22.6800000000726	80986.8879678180
23.7600000000728	85619.6340584454
24.8400000000730	90171.0659625944
25.9200000000731	94623.5447088098
27.0000000000733	98958.3923350688
28.0800000000735	103158.042534517
29.1600000000736	107209.697649661
30.2400000000738	111108.256868104
31.3200000000740	114849.793477447
32.4000000000741	118435.836499410
33.4800000000743	121895.508715881
34.5600000000745	125285.482753538
35.6400000000746	128606.868869816
36.7200000000748	130186.170769669
37.8000000000750	131428.905106297
38.8800000000751	132555.217354713
39.9600000000753	133619.977384865
41.0400000000755	134630.273683627
42.1200000000757	135563.947710666
43.2000000000758	136428.466154300
44.2800000000760	137218.725010413
45.3600000000762	137945.775355075
46.4400000000763	138637.487277425
47.5200000000765	139298.903572084
48.6000000000767	139931.533163433
49.6800000000768	140536.859123128
50.7600000000770	141116.321379602
51.8400000000772	141671.350827865
52.9200000000773	142203.365742353
53.9999999999225	142713.789433926
52.9199999999223	137442.138677139
51.8399999999222	132192.308585375
50.7599999999220	126962.624150259
49.6799999999218	121754.584101224
48.5999999999217	116580.327429115
47.5199999999215	111443.433848797
46.4399999999213	106350.921473179
45.3599999999212	101310.947752269
44.2799999999210	96330.3578797566
43.1999999999208	91418.7296034582
42.1199999999206	86582.9125080680
41.0399999999205	81829.5696244147
39.9599999999203	77185.2008219579
38.8799999999201	72634.2514585787
37.7999999999200	68170.1319124122
36.7199999999198	63807.3251884247
35.6399999999196	59538.1461546933
34.5599999999195	55328.2517266771
33.4799999999193	51218.7384808499
32.3999999999191	47203.7035693177
31.3199999999190	43282.2842944490
30.2399999999188	39454.4366637802
29.1599999999186	35721.1662049401
28.0799999999184	32076.2149117265
26.9999999999183	28521.7569407611
25.9199999999181	25053.1366745609
24.8399999999179	21668.9612373089
23.7599999999178	18363.4622744921
22.6799999999176	15132.0724949819
21.5999999999174	11967.0341279635
20.5199999999173	8871.86954354032
19.4399999999171	5843.35307560922
18.3599999999169	2878.78479482399
17.2799999999168	-30.9811165977444
16.1999999999166	-2897.36664989617
15.1199999999164	-5706.54929186872
14.0399999999163	-8457.89754275754
12.9599999999161	-11140.0102630928
11.8799999999159	-13591.9729749466
10.7999999999157	-15979.3099276199
9.71999999991558	-18160.0762140609
8.63999999991541	-20451.1656366194
7.55999999991524	-22442.0002897212
6.47999999991507	-23533.5286612753
5.39999999991490	-24618.0146565974
4.31999999991473	-25695.4049262326
3.23999999991456	-26765.0474283122
2.15999999991440	-27827.2637132548
1.07999999991423	-28881.6698438660
-8.59438032893567e-11	-29927.6480569575
-1.08000000008611	-30965.2239742993
-2.16000000008628	-31988.6148686495
-3.24000000008645	-32995.0682290390
-4.32000000008662	-33993.1834950801
-5.40000000008679	-34982.6929518699
-6.48000000008696	-35963.3691357190
-7.56000000008713	-38852.4240966640
-8.64000000008729	-42148.1269248253
-9.72000000008746	-45685.0694103021
-10.8000000000876	-50084.2355460505
-11.8800000000878	-54552.1716187573
-12.9600000000880	-58952.7908218328
-14.0400000000881	-63286.3267788706
-15.1200000000883	-67559.4696861812
-16.2000000000885	-71771.4461611338
-17.2800000000886	-75922.0537435069
-18.3600000000888	-80002.0059801216
-19.4400000000890	-84018.0277958481
-20.5200000000891	-87979.1793211888
-21.6000000000893	-91905.9028723220
-22.6800000000895	-95787.8841312575
-23.7600000000897	-99601.2372857234
-24.8400000000898	-103320.837424016
-25.9200000000900	-106944.875270656
-27.0000000000902	-110441.703598560
-28.0800000000903	-113787.668329490
-29.1600000000905	-116981.428587544
-30.2400000000907	-120024.402828971
-31.3200000000908	-122915.943239696
-32.4000000000910	-125655.098461845
-33.4800000000912	-128188.994057202
-34.5600000000913	-130470.324497496
-35.6400000000915	-132739.164252310
-36.7200000000917	-134753.382793481
-37.8000000000918	-136340.910884484
-38.8800000000920	-137857.628129993
-39.9600000000922	-139298.507586522
-41.0400000000923	-140674.303304861
-42.1200000000925	-141975.473419245
-43.2000000000927	-143190.063511676
-44.2800000000929	-144191.343788035
-45.3600000000930	-145144.892101344
-46.4400000000932	-146058.149598565
-47.5200000000934	-146931.867548934
-48.6000000000935	-147769.575991427
-49.6800000000937	-148573.500027253
-50.7600000000939	-149386.817033543
-51.8400000000940	-150118.008281893
-52.9200000000942	-150805.317858037
-53.9999999999056	-151461.289850807
-52.9199999999054	-146128.665316061
-51.8399999999053	-140724.195529483
-50.7599999999051	-135336.408227122
-49.6799999999049	-129985.746617775
-48.5999999999048	-124659.233913386
-47.5199999999046	-119364.643639153
-46.4399999999044	-114114.541356971
-45.3599999999043	-108920.645546600
-44.2799999999041	-103798.306404607
-43.1999999999039	-98741.2444900008
-42.1199999999037	-93757.1010442724
-41.0399999999036	-88830.4184462378
-39.9599999999034	-83973.3151166376
-38.8799999999032	-79195.0313989185
-37.7999999999031	-74499.4352720912
-36.7199999999029	-69892.4235451063
-35.6399999999027	-65359.4852587399
-34.5599999999026	-60912.3975004979
-33.4799999999024	-56553.6271934723
-32.3999999999022	-52283.3370944040
-31.3199999999021	-48100.8319790345
-30.2399999999019	-44005.5576875430
-29.1599999999017	-39996.8496469211
-28.0799999999016	-36073.0694800587
-26.9999999999014	-32232.4364870055
-25.9199999999012	-28473.2609604018
-24.8399999999010	-24795.3198419047
-23.7599999999009	-21195.7950904896
-22.6799999999007	-17672.5295583875
-21.5999999999005	-14223.4256268144
-20.5199999999004	-10846.3582994277
-19.4399999999002	-7539.19131692298
-18.3599999999000	-4299.82875626581
-17.2799999998999	-1126.76636852470
-16.1999999998997	2000.81357077972
-15.1199999998995	5064.33716969361
-14.0399999998994	7969.80550752979
-12.9599999998992	10466.1484391112
-11.8799999998990	12595.7619360004
-10.7999999998989	14711.8393351146
-9.71999999989869	16940.7989300361
-8.63999999989852	18758.7190571136
-7.55999999989835	19848.8172102345
-6.47999999989818	20928.0319182216
-5.39999999989801	21996.2882881732
-4.31999999989784	23053.3816454768
-3.23999999989767	24102.8497430201
-2.15999999989750	25265.1506313921
-1.07999999989733	26414.8114010981
1.02836404918937e-10	27551.8360826006
1.08000000010301	28677.8655488110
2.16000000010318	29794.4980002514
3.24000000010335	30898.5973663973
4.32000000010352	31990.1696952724
5.40000000010369	33069.6595592890
6.48000000010386	34136.9491285312
7.56000000010403	35193.7470833570
8.64000000010419	36325.7326303476
9.72000000010436	38690.0642571835
10.8000000001045	41529.0516065318
11.8800000001047	45225.3190625432
12.9600000001049	49083.6703816874
14.0400000001050	52720.5157516178
15.1200000001052	56455.2157693913
16.2000000001054	60150.1694956663
17.2800000001055	63806.3058972041
18.3600000001057	67429.3020710546
19.4400000001059	70990.6336348423
20.5200000001061	74447.3492852919
21.6000000001062	77861.4493603558
22.6800000001064	81220.5573655048
23.7600000001066	84545.4943588197
24.8400000001067	87780.7899479504
25.9200000001069	90885.5797008425
27.0000000001071	93866.0693716913
28.0800000001072	96707.0834245188
29.1600000001074	99400.6811069307
30.2400000001076	101947.675067924
31.3200000001077	104357.114672512
32.4000000001079	106637.971856138
33.4800000001081	108808.145098853
34.5600000001082	110892.122207424
35.6400000001084	112904.282947221
36.7200000001086	114855.533197684
37.8000000001088	116754.744661340
38.8800000001089	118607.373220022
39.9600000001091	120416.495805058
41.0400000001093	122182.706959158
42.1200000001094	123904.752616034
43.2000000001096	125580.123302836
44.2800000001098	127203.555230075
45.3600000001099	128769.583509656
46.4400000001101	130284.996062700
47.5200000001103	131750.873486149
48.6000000001104	133171.069939619
49.6800000001106	134551.108778089
50.7600000001108	135896.239814860
51.8400000001109	137227.729381223
52.9200000001111	138525.842508340
53.9999999998887	139933.503178226
52.9199999998886	134862.545967968
51.8399999998884	129832.109693793
50.7599999998882	124818.294139963
49.6799999998881	119828.810408670
48.5999999998879	114868.957977981
47.5199999998877	109945.809824456
46.4399999998876	105069.335284305
45.3599999998874	100247.556944591
44.2799999998872	95488.1435345034
43.1999999998871	90800.2568077508
42.1199999998869	86188.5089468112
41.0399999998867	81658.8967652571
39.9599999998865	77226.5122911570
38.8799999998864	72882.1275131704
37.7999999998862	68652.6484079924
36.7199999998860	64511.4322805233
35.6399999998859	60477.6165748657
34.5599999998857	56526.2108378555
33.4799999998855	52661.5003822455
32.3999999998854	48887.7966877316
31.3199999998852	45203.3846892059
30.2399999998850	41606.5898589630
29.1599999998849	38095.6657771793
28.0799999998847	34668.4033119782
26.9999999998845	31322.5860631125
25.9199999998844	28050.5222230095
24.8399999998842	24854.8813908470
23.7599999998840	21756.5474340254
22.6799999998838	18922.9104504338
21.5999999998837	16244.8289290948
20.5199999998835	14088.5456198354
19.4399999998833	11972.6974350861
18.3599999998832	9986.35448270140
17.2799999998830	8707.71766183781
16.1999999998828	7443.96420894083
15.1199999998827	6195.20298443799
14.0399999998825	4960.59802161658
12.9599999998823	3739.47979831792
11.8799999998822	2559.73508011422
10.7999999998820	1403.71112163074
9.71999999988182	261.026178762520
8.63999999988165	-868.507276510412
7.55999999988148	-1997.66349946821
6.47999999988131	-3121.32578210803
5.39999999988115	-4230.90341352500
4.31999999988098	-5337.09420002980
3.23999999988081	-6437.59462527369
2.15999999988064	-7525.87879404717
1.07999999988047	-8602.11717305341
-1.19699388855671e-10	-9666.60793099052
-1.08000000011987	-10719.5825883987
-2.16000000012004	-11761.1991400986
-3.24000000012021	-12791.6528967666
-4.32000000012038	-13811.2071725100
-5.40000000012055	-14820.1631049111
-6.48000000012071	-15818.7864562448
-7.56000000012088	-16799.4822492228
-8.64000000012105	-17769.8837458568
-9.72000000012122	-18730.9605438704
-10.8000000001214	-19682.8527026672
-11.8800000001216	-20625.8249609441
-12.9600000001217	-23352.0063563136
-14.0400000001219	-27424.0742337463
-15.1200000001221	-31486.3760732455
-16.2000000001222	-35515.6659581820
-17.2800000001224	-39510.3672062396
-18.3600000001226	-43728.3474609786
-19.4400000001227	-48099.2075403557
-20.5200000001229	-52424.5229400860
-21.6000000001231	-56700.0289752268
-22.6800000001232	-60919.0645212238
-23.7600000001234	-65072.4871653886
-24.8400000001236	-69149.2217424102
-25.9200000001237	-73126.4586582072
-27.0000000001239	-77002.8345803758
-28.0800000001241	-80769.6516415001
-29.1600000001243	-84421.3755670294
-30.2400000001244	-87957.1864266003
-31.3200000001246	-91380.5657072846
-32.4000000001248	-94698.4810955554
-33.4800000001249	-97918.3206350240
-34.5600000001251	-101050.762266706
-35.6400000001253	-104106.849119121
-36.7200000001254	-107099.081889693
-37.8000000001256	-110031.301095755
-38.8800000001258	-112910.458834434
-39.9600000001259	-115739.856612571
-41.0400000001261	-118520.445986221
-42.1200000001263	-121261.664036009
-43.2000000001265	-123960.046803864
-44.2800000001266	-126632.486599837
-45.3600000001268	-129262.158076075
-46.4400000001270	-131848.519002270
-47.5200000001271	-134395.606406547
-48.6000000001273	-136907.046470614
-49.6800000001275	-139385.002880682
-50.7600000001276	-141845.859477879
-51.8400000001278	-144283.246250155
-52.9200000001280	-146666.141494205
-53.9999999998718	-148713.734072065
-52.9199999998717	-143384.606658386
-51.8399999998715	-137987.337442324
-50.7599999998713	-132619.596451166
-49.6799999998712	-127294.560483937
-48.5999999998710	-122004.155407890
-47.5199999998708	-116754.869250971
-46.4399999998707	-111545.979154731
-45.3599999998705	-106402.423169854
-44.2799999998703	-101326.282978948
-43.1999999998701	-96305.3669326045
-42.1199999998700	-91358.8918236486
-41.0399999998698	-86486.6114114467
-39.9599999998696	-81699.2313366658
-38.8799999998695	-76998.9651731931
-37.7999999998693	-72369.3564705754
-36.7199999998691	-67812.7659129700
-35.6399999998690	-63339.2241964406
-34.5599999998688	-58951.4405748076
-33.4799999998686	-54649.3598483872
-32.3999999998685	-50432.6724723459
-31.3199999998683	-46301.3411658683
-30.2399999998681	-42254.9717669775
-29.1599999998679	-38292.9123411728
-28.0799999998678	-34414.3662558342
-26.9999999998676	-30618.3669073622
-25.9199999998674	-26903.8785631535
-24.8399999998673	-23457.3694110396
-23.7599999998671	-20201.7939744232
-22.6799999998669	-17010.5632203806
-21.5999999998668	-13883.6776712333
-20.5199999998666	-10822.4861041414
-19.4399999998664	-8155.31443570470
-18.3599999998663	-5807.74900271831
-17.2799999998661	-3906.82756809390
-16.1999999998659	-2589.53857365629
-15.1199999998658	-1287.33015983520
-14.0399999998656	-0.133665480505442
-12.9599999998654	1272.14488973751
-11.8799999998652	2529.61782643411
-10.7999999998651	3772.42247172049
-9.71999999986491	5000.71888232848
-8.63999999986474	6214.68802367029
-7.55999999986457	7415.30625947058
-6.47999999986440	8601.20673105939
-5.39999999986424	9772.37531039442
-4.31999999986407	10929.8954990571
-3.23999999986390	12074.4852152635
-2.15999999986373	13206.2831747801
-1.07999999986356	14325.5614117308
1.82140750290376e-10	15434.3227745046
1.44000000018237	16895.3068509834
2.88000000018259	18335.7751741836
4.32000000018282	19826.0469697417
5.76000000018304	21368.6574144531
7.20000000018327	22890.0594308135
8.64000000018349	24513.2284862148
10.0800000001837	26166.0975324605
11.5200000001839	27799.6478014280
12.9600000001842	29415.9458979865
14.4000000001844	32922.3176683638
15.8400000001846	37058.6211282954
17.2800000001848	42005.4860383418
18.7200000001851	47357.3428151278
20.1600000001853	52707.1416640880
21.6000000001855	57960.6839304666
23.0400000001857	63082.0280793208
24.4800000001860	68101.8271473837
25.9200000001862	72991.1868353884
27.3600000001864	77708.3363356990
28.8000000001866	82195.6115555307
30.2400000001869	86458.2867911603
31.6800000001871	90468.8745389434
33.1200000001873	94271.9004705144
34.5600000001875	97897.6488070864
36.0000000001878	101377.523922357
37.4400000001880	104741.576801585
38.8800000001882	108010.135126909
40.3200000001884	111197.856372625
41.7600000001887	114315.640639556
43.2000000001889	117364.661542395
44.6400000001891	120345.171217994
46.0800000001893	123258.162655999
47.5200000001896	126104.426718599
48.9600000001898	128886.852998850
50.4000000001900	131609.455048818
51.8400000001902	134268.121954333
53.2800000001905	136927.077533025
54.7200000001907	138610.283162239
56.1600000001909	139742.663965495
57.6000000001911	140788.298093584
59.0400000001914	141780.683354664
60.4800000001916	142640.138870283
61.9200000001918	143400.615752825
63.3600000001920	144123.556491714
64.8000000001923	144809.105079459
66.2400000001925	145457.334841961
67.6800000001927	146068.573585332
69.1200000001929	146643.648203249
70.5600000001932	147183.927162373
71.9999999998066	147692.094704283
70.5599999998064	141140.837967165
69.1199999998062	134623.477186782
67.6799999998059	128162.893791834
66.2399999998057	121795.685637246
64.7999999998055	115524.294145788
63.3599999998053	109360.324756302
61.9199999998050	103323.629252359
60.4799999998048	97427.7613308178
59.0399999998046	91681.0085038172
57.5999999998044	86088.6662515119
56.1599999998041	80670.4194851245
54.7199999998039	75437.9800256099
53.2799999998037	70387.0420403946
51.8399999998035	65454.2372247755
50.3999999998032	60674.9756138307
48.9599999998030	56054.7020809443
47.5199999998028	51580.6710218563
46.0799999998026	47246.5846028714
44.6399999998023	43046.5929706048
43.1999999998021	38974.9244581297
41.7599999998019	35025.8056756890
40.3199999998017	31193.4664118328
38.8799999998014	27472.7699225563
37.4399999998012	23858.8061021434
35.9999999998010	20346.6848716114
34.5599999998008	16929.7933850709
33.1199999998005	13611.2207837847
31.6799999998003	10385.2205348897
30.2399999998001	7239.33868739495
28.7999999997999	4170.61526342461
27.3599999997996	1175.47041620294
25.9199999997994	-1749.43711623386
24.4799999997992	-4606.51997613622
23.0399999997990	-7332.01057394236
21.5999999997987	-9875.69030943321
20.1599999997985	-12320.1325105945
18.7199999997983	-14917.7256288269
17.2799999997981	-17091.8446419985
15.8399999997978	-19359.8745920310
14.3999999997976	-21797.1353803836
12.9599999997974	-23464.9067756952
11.5199999997972	-24646.9633163764
10.0799999997969	-25817.9459415372
8.63999999979672	-26979.2750288856
7.19999999979649	-28131.2109720717
5.75999999979626	-29273.8870151297
4.31999999979604	-30406.5774723243
2.87999999979581	-31526.5554575906
1.43999999979559	-32637.8402131604
-2.04632520862036e-10	-33739.8344484208
-1.44000000020486	-34832.3417867531
-2.88000000020509	-35916.7829116992
-4.32000000020531	-36990.0590008882
-5.76000000020554	-38046.3080511582
-7.20000000020576	-39095.0083180093
-8.64000000020599	-40137.1190210514
-10.0800000002062	-41281.7088466723
-11.5200000002064	-45076.8482762178
-12.9600000002067	-49103.0440190056
-14.4000000002069	-53407.5097438440
-15.8400000002071	-58299.3881671298
-17.2800000002073	-63679.4930061472
-18.7200000002076	-68909.1030812658
-20.1600000002078	-73905.0987995924
-21.6000000002080	-78653.4405554758
-23.0400000002082	-83227.4135907637
-24.4800000002085	-87662.4604408807
-25.9200000002087	-92004.5944801121
-27.3600000002089	-96237.0615604471
-28.8000000002091	-100318.307592244
-30.2400000002094	-104199.383889740
-31.6800000002096	-107815.987801307
-33.1200000002098	-111172.056911924
-34.5600000002100	-114300.615803110
-36.0000000002103	-117245.247651025
-37.4400000002105	-120043.517089706
-38.8800000002107	-122725.723367258
-40.3200000002109	-125315.330367065
-41.7600000002112	-127838.778853043
-43.2000000002114	-130317.942868003
-44.6400000002116	-132750.928306760
-46.0800000002118	-135129.676952180
-47.5200000002121	-137455.694627289
-48.9600000002123	-139729.457052086
-50.4000000002125	-141934.839123886
-51.8400000002127	-144049.152401221
-53.2800000002130	-145971.305392549
-54.7200000002132	-147742.499620919
-56.1600000002134	-149049.459940906
-57.6000000002136	-150227.808783832
-59.0400000002139	-151186.818430297
-60.4800000002141	-151972.718306238
-61.9200000002143	-152690.076928565
-63.3600000002145	-153344.684170182
-64.8000000002148	-153940.495384766
-66.2400000002150	-154461.695007372
-67.6800000002152	-154905.751839217
-69.1200000002154	-155261.044672877
-70.5600000002157	-155511.771739624
-71.9999999997841	-155638.856725389
-70.5599999997839	-149199.180710089
-69.1199999997837	-142707.504365188
-67.6799999997834	-136272.311382865
-66.2399999997832	-129889.816016905
-64.7999999997830	-123585.898300339
-63.3599999997828	-117399.784373770
-61.9199999997825	-111323.052134294
-60.4799999997823	-105372.907269293
-59.0399999997821	-99540.1127114868
-57.5999999997819	-93843.5706260171
-56.1599999997816	-88286.7795117742
-54.7199999997814	-82858.3778408459
-53.2799999997812	-77566.2299188562
-51.8399999997810	-72408.9539448144
-50.3999999997807	-67385.5894255868
-48.9599999997805	-62494.0615619726
-47.5199999997803	-57732.9950833919
-46.0799999997801	-53100.2262364901
-44.6399999997798	-48593.3803272659
-43.1999999997796	-44209.5811381837
-41.7599999997794	-39912.5859744468
-40.3199999997792	-35729.7623860039
-38.8799999997789	-31664.7056058040
-37.4399999997787	-27715.9861036807
-35.9999999997785	-23879.6087392003
-34.5599999997783	-20150.7452073948
-33.1199999997780	-16522.7983161706
-31.6799999997778	-12982.1317276548
-30.2399999997776	-9527.22354460991
-28.7999999997774	-6165.72072049268
-27.3599999997771	-2878.18151777040
-25.9199999997769	188.904796656803
-24.4799999997767	3095.57995272361
-23.0399999997765	5609.39793340970
-21.5999999997762	7811.81833491841
-20.1599999997760	9976.96094648281
-18.7199999997758	12107.0059266044
-17.2799999997756	14280.9162917304
-15.8399999997753	16450.8711545344
-14.3999999997751	18614.7642487366
-12.9599999997749	20462.1428208695
-11.5199999997747	21632.2201467502
-10.0799999997744	22788.2515522224
-8.63999999977420	23935.6020959516
-7.19999999977398	25078.7075732906
-5.75999999977375	26276.3676420162
-4.31999999977353	27517.2177848023
-2.87999999977330	28741.8378450150
-1.43999999977308	29950.4739586670
2.27141196964490e-10	31143.3968609300
1.44000000022737	32336.6916614098
2.88000000022759	33539.6853369713
4.32000000022781	34727.3045751483
5.76000000022804	35899.5346957811
7.20000000022826	37055.0265940523
8.64000000022849	38196.2663131683
10.0800000002287	39370.7869272879
11.5200000002289	40619.0523299540
12.9600000002292	43351.6012185942
14.4000000002294	46996.3599188617
15.8400000002296	51047.1669884113
17.2800000002298	55153.9752155873
18.7200000002301	59241.9886271019
20.1600000002303	63551.4886968138
21.6000000002305	67922.3287214026
23.0400000002307	72232.9032191442
24.4800000002310	76443.6421761120
25.9200000002312	80503.1552615995
27.3600000002314	84420.7968141661
28.8000000002316	88159.2451419338
30.2400000002319	91664.7469547349
31.6800000002321	94904.2034801296
33.1200000002323	97857.6046000885
34.5600000002325	100562.613252224
36.0000000002328	103092.848086509
37.4400000002330	105507.521408274
38.8800000002332	107836.496125010
40.3200000002334	110098.737248474
41.7600000002337	112306.334519550
43.2000000002339	114466.641576551
44.6400000002341	116581.634004787
46.0800000002343	118650.462185798
47.5200000002346	120670.200643769
48.9600000002348	122635.455826214
50.4000000002350	124538.482101769
51.8400000002352	126370.128257889
53.2800000002355	128122.357138415
54.7200000002357	129791.865229593
56.1600000002359	131382.291514864
57.6000000002361	132900.869818716
59.0400000002364	134363.034153605
60.4800000002366	135780.590464282
61.9200000002368	137160.207939269
63.3600000002370	138507.034343384
64.8000000002373	139825.382035284
66.2400000002375	141117.757891604
67.6800000002377	142386.788070647
69.1200000002379	143626.019286530
70.5600000002382	144849.280988497
71.9999999997616	146226.078517117
70.5599999997614	139683.986496166
69.1199999997611	133173.980417971
67.6799999997609	126728.668961808
66.2399999997607	120378.992232150
64.7999999997605	114122.215879326
63.3599999997602	107978.656089260
61.9199999997600	101964.158152429
60.4799999997598	96091.1624301365
59.0399999997596	90369.8471775066
57.5999999997593	84811.4620809581
56.1599999997591	79480.0062115968
54.7199999997589	74301.3067079754
53.2799999997587	69240.6020091817
51.8399999997584	64322.9828559148
50.3999999997582	59565.8289844949
48.9599999997580	54957.2038932918
47.5199999997578	50491.2937664762
46.0799999997575	46162.8966941201
44.6399999997573	41967.0186385173
43.1999999997571	37898.6721161833
41.7599999997569	33974.9195420256
40.3199999997566	30168.8438338651
38.8799999997564	26472.0572467684
37.4399999997562	22879.2675592859
35.9999999997560	19389.4503906689
34.5599999997557	16250.4270908696
33.1199999997555	13190.0900540996
31.6799999997553	10739.4992068463
30.2399999997551	8507.36931200931
28.7999999997548	7051.25985419931
27.3599999997546	5628.91853037869
25.9199999997544	4225.50964453313
24.4799999997542	2841.20202708390
23.0399999997539	1480.12513600980
21.5999999997537	137.781253263500
20.1599999997535	-1184.01805787871
18.7199999997533	-2487.06083009200
17.2799999997530	-3773.59972191628
15.8399999997528	-5044.49044603604
14.3999999997526	-6309.10577643674
12.9599999997524	-7560.30339495553
11.5199999997521	-8797.38645440346
10.0799999997519	-10020.3548756422
8.63999999975168	-11234.3245617059
7.19999999975146	-12464.0466890319
5.75999999975123	-13678.6647788509
4.31999999975101	-14879.3730248214
2.87999999975078	-16074.3153566109
1.43999999975056	-17266.1552841390
-2.49668957925421e-10	-18445.4402688729
-1.44000000024989	-19612.4734422408
-2.88000000025012	-20765.1518555431
-4.32000000025034	-21904.1182238504
-5.76000000025057	-23032.2420389048
-7.20000000025079	-24144.5105768646
-8.64000000025102	-25239.5203044649
-10.0800000002512	-26324.9629513856
-11.5200000002515	-27401.2090740448
-12.9600000002517	-28462.7678976653
-14.4000000002519	-29513.8265067768
-15.8400000002521	-30556.3130599428
-17.2800000002524	-31592.2161920758
-18.7200000002526	-32620.8101524167
-20.1600000002528	-35991.9980985932
-21.6000000002530	-39433.0428171206
-23.0400000002533	-42727.8732951512
-24.4800000002535	-46719.5910434060
-25.9200000002537	-50629.7896597166
-27.3600000002539	-54439.3283668863
-28.8000000002542	-58282.7973780466
-30.2400000002544	-62549.9661340367
-31.6800000002546	-66802.1060807280
-33.1200000002548	-70879.2160949945
-34.5600000002551	-74803.1188902061
-36.0000000002553	-78598.8513455160
-37.4400000002555	-82274.5098471293
-38.8800000002557	-85851.7748463030
-40.3200000002560	-89350.0494859043
-41.7600000002562	-92783.8101139174
-43.2000000002564	-96165.4818599940
-44.6400000002566	-99504.4031296819
-46.0800000002569	-102807.464022224
-47.5200000002571	-106079.219863132
-48.9600000002573	-109321.874874822
-50.4000000002575	-112537.270587767
-51.8400000002578	-115719.463344272
-53.2800000002580	-118862.174688868
-54.7200000002582	-121949.067915795
-56.1600000002584	-124965.159782743
-57.6000000002587	-127905.098089890
-59.0400000002589	-130762.404527419
-60.4800000002591	-133562.481643133
-61.9200000002593	-136303.469396021
-63.3600000002596	-138993.302769818
-64.8000000002598	-141600.811498737
-66.2400000002600	-144155.535827629
-67.6800000002603	-146675.056891438
-69.1200000002605	-149170.199751123
-70.5600000002607	-151632.473251309
-71.9999999997391	-153810.545115646
-70.5599999997389	-147382.635188580
-69.1199999997387	-140898.346330876
-67.6799999997384	-134473.603001772
-66.2399999997382	-128104.105894201
-64.7999999997380	-121811.622573031
-63.3599999997378	-115639.830112326
-61.9199999997375	-109578.607143870
-60.4799999997373	-103641.545529311
-59.0399999997371	-97849.1788085594
-57.5999999997369	-92184.5928693294
-56.1599999997366	-86646.7715128659
-54.7199999997364	-81236.4518062257
-53.2799999997362	-75962.5000155260
-51.8399999997360	-70819.7933324795
-50.3999999997357	-65807.6925924762
-48.9599999997355	-60923.8854795842
-47.5199999997353	-56166.4395247912
-46.0799999997351	-51533.1197615907
-44.6399999997348	-47021.2313358158
-43.1999999997346	-42603.9719353351
-41.7599999997344	-38287.0096075555
-40.3199999997342	-34088.3666547719
-38.8799999997339	-30194.3705700734
-37.4399999997337	-26570.9419393193
-35.9999999997335	-23690.5626845077
-34.5599999997333	-20933.9468487752
-33.1199999997330	-18232.9278195636
-31.6799999997328	-15579.0219252728
-30.2399999997326	-13028.8319826299
-28.7999999997323	-11503.9385442728
-27.3599999997321	-10000.6286907600
-25.9199999997319	-8520.31502380539
-24.4799999997317	-7062.12460255003
-23.0399999997314	-5625.35372486370
-21.5999999997312	-4209.51820688351
-20.1599999997310	-2814.10405668369
-18.7199999997308	-1438.56840415802
-17.2799999997305	-82.0521606612019
-15.8399999997303	1255.76052674290
-14.3999999997301	2575.39852895727
-12.9599999997299	3880.11525590651
-11.5199999997296	5168.42424577739
-10.0799999997294	6439.99667056929
-8.63999999972920	7695.69246773902
-7.19999999972898	8936.10725174949
-5.75999999972875	10166.5638212561
-4.31999999972852	11383.8786591978
-2.87999999972830	12587.6331303340
-1.43999999972808	13778.3871456112
3.37633268999299e-10	14956.6868340433