0.00E+00	0.0000E+00
-2.00E-04	-6.0000E+00
-4.00E-04	-1.2000E+01
-6.00E-04	-1.5198E+01
-8.00E-04	-1.6031E+01
-1.00E-03	-1.6801E+01
-1.20E-03	-1.7511E+01
-1.40E-03	-1.8166E+01
-1.60E-03	-1.8766E+01
-1.80E-03	-1.9316E+01
-2.00E-03	-1.9818E+01
-2.20E-03	-2.0274E+01
-2.40E-03	-2.0688E+01
-2.60E-03	-2.1060E+01
-2.80E-03	-2.1393E+01
-3.00E-03	-2.1689E+01
-3.20E-03	-2.1950E+01
-3.40E-03	-2.2178E+01
-3.60E-03	-2.2374E+01
-3.80E-03	-2.2541E+01
-4.00E-03	-2.2679E+01
-4.20E-03	-2.2791E+01
-4.40E-03	-2.2877E+01
-4.60E-03	-2.2940E+01
-4.80E-03	-2.2980E+01
-5.00E-03	-2.2998E+01
-5.20E-03	-2.2997E+01
-5.40E-03	-2.2977E+01
-5.60E-03	-2.2938E+01
-5.80E-03	-2.2884E+01
-6.00E-03	-2.2813E+01
-6.20E-03	-2.2728E+01
-6.40E-03	-2.2629E+01
-6.60E-03	-2.2517E+01
-6.80E-03	-2.2392E+01
-7.00E-03	-2.2257E+01
-7.20E-03	-2.2111E+01
-7.40E-03	-2.1955E+01
-7.60E-03	-2.1790E+01
-7.80E-03	-2.1617E+01
-8.00E-03	-2.1436E+01
-8.20E-03	-2.1248E+01
-8.40E-03	-2.1053E+01
-8.60E-03	-2.0852E+01
-8.80E-03	-2.0645E+01
-9.00E-03	-2.0434E+01
-9.20E-03	-2.0218E+01
-9.40E-03	-1.9998E+01
-9.60E-03	-1.9774E+01
-9.80E-03	-1.9547E+01
-1.00E-02	-1.9317E+01
-1.02E-02	-1.9084E+01
-1.04E-02	-1.8849E+01
-1.06E-02	-1.8613E+01
-1.08E-02	-1.8374E+01
-1.10E-02	-1.8135E+01
-1.12E-02	-1.7895E+01
-1.14E-02	-1.7653E+01
-1.16E-02	-1.7412E+01
-1.18E-02	-1.7170E+01
-1.20E-02	-1.6928E+01
-1.22E-02	-1.6687E+01
-1.24E-02	-1.6445E+01
-1.26E-02	-1.6205E+01
-1.28E-02	-1.5965E+01
-1.30E-02	-1.5726E+01
-1.32E-02	-1.5488E+01
-1.34E-02	-1.5251E+01
-1.36E-02	-1.5015E+01
-1.38E-02	-1.4781E+01
-1.40E-02	-1.4549E+01
-1.42E-02	-1.4318E+01
-1.44E-02	-1.4089E+01
-1.46E-02	-1.3862E+01
-1.48E-02	-1.3637E+01
-1.50E-02	-1.3413E+01
-1.52E-02	-1.3192E+01
-1.54E-02	-1.2973E+01
-1.56E-02	-1.2757E+01
-1.58E-02	-1.2542E+01
-1.60E-02	-1.2330E+01
-1.62E-02	-1.2120E+01
-1.64E-02	-1.1913E+01
-1.66E-02	-1.1708E+01
-1.68E-02	-1.1505E+01
-1.70E-02	-1.1305E+01
-1.72E-02	-1.1108E+01
-1.74E-02	-1.0913E+01
-1.76E-02	-1.0720E+01
-1.78E-02	-1.0530E+01
-1.80E-02	-1.0343E+01
-1.82E-02	-1.0158E+01
-1.84E-02	-9.9761E+00
-1.86E-02	-9.7965E+00
-1.88E-02	-9.6195E+00
-1.90E-02	-9.4451E+00
-1.92E-02	-9.2733E+00
-1.94E-02	-9.1040E+00
-1.96E-02	-8.9373E+00
-1.98E-02	-8.7731E+00
-2.00E-02	-8.6115E+00
