0.00E+00	0.0000E+00
2.00E-05	6.0000E-01
4.00E-05	1.0987E+00
6.00E-05	1.0912E+00
8.00E-05	1.0835E+00
1.00E-04	1.0758E+00
1.20E-04	1.0679E+00
1.40E-04	1.0600E+00
1.60E-04	1.0521E+00
1.80E-04	1.0440E+00
2.00E-04	1.0359E+00
2.20E-04	1.0278E+00
2.40E-04	1.0196E+00
2.60E-04	1.0113E+00
2.80E-04	1.0030E+00
3.00E-04	9.9470E-01
3.20E-04	9.8635E-01
3.40E-04	9.7797E-01
3.60E-04	9.6957E-01
3.80E-04	9.6115E-01
4.00E-04	9.5271E-01
4.20E-04	9.4427E-01
4.40E-04	9.3582E-01
4.60E-04	9.2736E-01
4.80E-04	9.1890E-01
5.00E-04	9.1045E-01
5.20E-04	9.0200E-01
5.40E-04	8.9356E-01
5.60E-04	8.8513E-01
5.80E-04	8.7671E-01
6.00E-04	8.6831E-01
6.20E-04	8.5993E-01
6.40E-04	8.5157E-01
6.60E-04	8.4323E-01
6.80E-04	8.3492E-01
7.00E-04	8.2663E-01
7.20E-04	8.1838E-01
7.40E-04	8.1015E-01
7.60E-04	8.0196E-01
7.80E-04	7.9380E-01
8.00E-04	7.8568E-01
8.20E-04	7.7760E-01
8.40E-04	7.6955E-01
8.60E-04	7.6155E-01
8.80E-04	7.5358E-01
9.00E-04	7.4566E-01
9.20E-04	7.3779E-01
9.40E-04	7.2996E-01
9.60E-04	7.2217E-01
9.80E-04	7.1444E-01
1.00E-03	7.0675E-01
1.02E-03	6.9911E-01
1.04E-03	6.9152E-01
1.06E-03	6.8398E-01
1.08E-03	6.7650E-01
1.10E-03	6.6906E-01
1.12E-03	6.6168E-01
1.14E-03	6.5435E-01
1.16E-03	6.4708E-01
1.18E-03	6.3986E-01
1.20E-03	6.3269E-01
1.22E-03	6.2558E-01
1.24E-03	6.1853E-01
1.26E-03	6.1153E-01
1.28E-03	6.0459E-01
1.30E-03	5.9771E-01
1.32E-03	5.9088E-01
1.34E-03	5.8411E-01
1.36E-03	5.7740E-01
1.38E-03	5.7074E-01
1.40E-03	5.6414E-01
1.42E-03	5.5760E-01
1.44E-03	5.5112E-01
1.46E-03	5.4470E-01
1.48E-03	5.3833E-01
1.50E-03	5.3202E-01
1.52E-03	5.2577E-01
1.54E-03	5.1958E-01
1.56E-03	5.1345E-01
1.58E-03	5.0737E-01
1.60E-03	5.0135E-01
1.62E-03	4.9539E-01
1.64E-03	4.8949E-01
1.66E-03	4.8364E-01
1.68E-03	4.7785E-01
1.70E-03	4.7212E-01
1.72E-03	4.6644E-01
1.74E-03	4.6083E-01
1.76E-03	4.5526E-01
1.78E-03	4.4976E-01
1.80E-03	4.4431E-01
1.82E-03	4.3891E-01
1.84E-03	4.3358E-01
1.86E-03	4.2829E-01
1.88E-03	4.2306E-01
1.90E-03	4.1789E-01
1.92E-03	4.1277E-01
1.94E-03	4.0771E-01
1.96E-03	4.0270E-01
1.98E-03	3.9774E-01
2.00E-03	3.9283E-01
