0	0	7.8219E-01	8.7662E-01	8.7827E-01	8.7827E-01
0	450	8.0188E-01	9.0091E-01	9.0348E-01	9.0348E-01
0	900	7.6169E-01	8.7936E-01	8.8625E-01	8.8625E-01
300	0	6.6767E-01	7.5386E-01	7.5459E-01	7.5459E-01
300	450	6.7922E-01	7.9040E-01	7.9344E-01	7.9344E-01
300	900	5.7683E-01	7.2247E-01	7.3362E-01	7.3362E-01
600	0	4.9971E-01	5.6467E-01	5.6483E-01	5.6483E-01
600	450	5.1711E-01	6.2353E-01	6.2557E-01	6.2557E-01
600	900	3.6048E-01	5.0052E-01	5.1051E-01	5.1051E-01
600	0	3.7211E-01	4.9855E-01	5.1357E-01	5.1357E-01
600	450	5.0258E-01	7.1731E-01	7.5349E-01	7.5453E-01
600	900	4.3144E-01	6.8642E-01	7.7093E-01	7.7093E-01
900	0	4.3152E-02	5.1703E-02	5.1886E-02	5.3213E-02
900	450	1.1904E-01	2.4588E-01	2.8698E-01	3.1243E-01
900	900	6.8390E-02	3.5321E-01	4.9828E-01	5.0084E-01
1200	0	5.1142E-12	8.4073E-12	8.5282E-12	8.5282E-12
1200	450	3.5924E-06	3.5924E-06	3.5924E-06	5.3656E-04
1200	900	1.3520E-05	6.5719E-03	2.1848E-02	2.6928E-02
0	900	6.3291E-01	8.2487E-01	8.6108E-01	8.6994E-01
0	1350	5.5263E-01	7.7633E-01	8.3042E-01	8.4255E-01
0	1800	3.4374E-01	5.2887E-01	5.8167E-01	6.0191E-01
300	900	5.3293E-01	7.6044E-01	8.1923E-01	8.3299E-01
300	1350	4.3082E-01	6.9369E-01	7.8022E-01	7.9890E-01
300	1800	1.8660E-01	3.7205E-01	4.5359E-01	4.8588E-01
600	900	4.5808E-01	7.4516E-01	8.4187E-01	8.5736E-01
600	1350	3.3994E-01	6.7372E-01	8.1016E-01	8.3041E-01
600	1800	9.3537E-02	3.1865E-01	4.8173E-01	5.2969E-01
600	900	1.4896E-01	4.1368E-01	5.6969E-01	6.2732E-01
600	1350	1.2307E-01	2.9572E-01	4.6010E-01	5.4416E-01
600	1800	1.1719E-01	2.2045E-01	2.9351E-01	3.6403E-01
900	900	9.1765E-02	4.0188E-01	6.2391E-01	6.9411E-01
900	1350	6.3235E-02	2.7282E-01	5.2871E-01	6.2853E-01
900	1800	5.0059E-02	1.7215E-01	3.3175E-01	4.4470E-01
1200	900	4.1943E-02	3.7749E-01	7.0673E-01	7.8242E-01
1200	1350	2.0752E-02	2.3976E-01	6.3657E-01	7.3830E-01
1200	1800	1.6898E-02	1.2780E-01	4.5955E-01	5.9673E-01
