5.2070E-02	-1.4290E+00
3.0128E-01	1.0069E+01
3.9586E-01	2.1545E+01
5.4251E-01	3.2312E+01
6.8757E-01	4.5228E+01
6.2806E-01	5.5965E+01
7.7418E-01	6.7449E+01
9.2561E-01	7.1769E+01
9.7290E-01	7.7507E+01
1.1249E+00	8.1111E+01
1.5856E+00	8.5475E+01
2.5627E+00	8.8481E+01
1.8959E+00	8.4087E+01
2.0563E+00	7.6229E+01
2.7604E+00	9.9971E+01
1.8969E+00	8.2654E+01
3.1493E+00	6.2058E+01
1.4596E+00	4.6771E+01
1.2593E+00	3.8862E+01
1.1079E+00	3.4542E+01
1.0080E+00	3.0230E+01
8.5654E-01	2.5909E+01
9.2136E-01	8.0088E+00
8.6132E-01	1.9463E+01
9.1711E-01	1.3739E+01
9.2508E-01	2.9945E+00
7.7630E-01	-4.9072E+00
7.7896E-01	-8.4888E+00
8.8576E-01	-1.3488E+01
7.8640E-01	-1.8517E+01
5.8342E-01	-2.2845E+01
4.8831E-01	-3.3604E+01
3.9054E-01	-4.0782E+01
3.4325E-01	-4.6520E+01
8.8740E-02	-5.0855E+01
-6.2170E-02	-5.5892E+01
-1.0999E-01	-6.0913E+01
-2.6142E-01	-6.5233E+01
-5.1328E-01	-7.3150E+01
-8.2147E-01	-7.4627E+01
-7.2635E-01	-6.3867E+01
-7.8162E-01	-5.8860E+01
-6.8491E-01	-5.0250E+01
-6.3868E-01	-4.3079E+01
-3.9054E-01	-3.0148E+01
-3.4431E-01	-2.2978E+01
-9.7240E-02	-8.6143E+00
-5.0480E-02	-2.1600E+00
1.4984E-01	5.7490E+00
4.5271E-01	1.4389E+01
5.5367E-01	1.7269E+01
7.0351E-01	2.3738E+01
9.5165E-01	3.6669E+01
1.2003E+00	4.8883E+01
1.6578E+00	5.7546E+01
1.8581E+00	6.5455E+01
1.9538E+00	7.5498E+01
1.8422E+00	8.6944E+01
1.8905E+00	9.1250E+01
2.1461E+00	9.4152E+01
2.4527E+00	9.7778E+01
2.5069E+00	9.4204E+01
2.7806E+00	7.2751E+01
2.4793E+00	6.1962E+01
2.0207E+00	5.4732E+01
1.7742E+00	3.9652E+01
1.3688E+00	3.0281E+01
1.3735E+00	2.3834E+01
1.3794E+00	1.5955E+01
1.4867E+00	1.0239E+01
4.5218E-01	1.5106E+01
1.1849E+00	1.6616E-01
9.2986E-01	-3.4524E+00
4.7662E-01	-1.7845E+01
6.6950E-02	-2.1486E+01
-2.3645E-01	-2.9410E+01
-2.8587E-01	-3.2282E+01
-1.7428E-01	-4.3729E+01
-3.6929E-01	-5.8801E+01
-4.6865E-01	-6.3830E+01
-6.7109E-01	-6.8874E+01
-8.6982E-01	-7.8932E+01
-1.1227E+00	-8.5416E+01
-1.3225E+00	-9.4041E+01
-1.4729E+00	-9.9794E+01
-1.8326E+00	-1.0128E+02
-1.9341E+00	-1.0344E+02
-2.4474E+00	-1.0638E+02
-2.4522E+00	-9.9934E+01
-2.3034E+00	-9.2033E+01
-2.0016E+00	-8.1960E+01
-1.4979E+00	-6.6127E+01
-1.4495E+00	-6.1822E+01
-1.4022E+00	-5.6084E+01
-1.0999E+00	-4.6727E+01
-8.4910E-01	-3.7378E+01
-6.4825E-01	-3.0185E+01
-5.5101E-01	-2.2291E+01
-4.0329E-01	-1.2957E+01
-3.5707E-01	-5.7860E+00
-5.5260E-02	4.2869E+00
2.9756E-01	1.5083E+01
9.5484E-01	3.2371E+01
4.3146E+00	8.9448E+01
1.6089E+00	5.3957E+01
2.0074E+00	7.2640E+01
2.0521E+00	8.1960E+01
1.9426E+00	9.0541E+01
2.3002E+00	9.4890E+01
3.3231E+00	1.0578E+02
3.4761E+00	1.0795E+02
3.7784E+00	1.1731E+02
3.9803E+00	1.2307E+02
4.1297E+00	1.3026E+02
4.3342E+00	1.3243E+02
4.3379E+00	1.2742E+02
4.1881E+00	1.2095E+02
4.0372E+00	1.1591E+02
3.9904E+00	1.0946E+02
3.5356E+00	9.7217E+01
3.4378E+00	9.0039E+01
2.9267E+00	8.4234E+01
2.7242E+00	7.9190E+01
2.7338E+00	6.6297E+01
2.4283E+00	6.1238E+01
1.9718E+00	5.1143E+01
1.8730E+00	4.5398E+01
1.7264E+00	3.4631E+01
1.4772E+00	2.3133E+01
1.3826E+00	1.1657E+01
1.2333E+00	4.4715E+00
7.7524E-01	-3.4745E+00
4.2189E-01	-1.3555E+01
6.4820E-02	-1.8621E+01
-1.8863E-01	-2.4388E+01
-5.9724E-01	-2.9462E+01
-4.9809E+00	-9.5998E+01
-8.3316E-01	-5.8868E+01
-1.0845E+00	-6.7500E+01
-1.5372E+00	-8.2610E+01
-1.8427E+00	-8.7668E+01
-1.8374E+00	-9.4831E+01
-1.9362E+00	-1.0058E+02
-2.2949E+00	-1.0349E+02
-2.4469E+00	-1.0710E+02
-2.3927E+00	-1.1067E+02
-2.4389E+00	-1.1784E+02
-2.5887E+00	-1.2431E+02
-3.2035E+00	-1.2941E+02
-3.4081E+00	-1.3159E+02
-3.4155E+00	-1.2156E+02
-3.6769E+00	-1.1659E+02
-3.5319E+00	-1.0367E+02
-3.3332E+00	-9.3613E+01
-3.0351E+00	-7.8526E+01
-2.6812E+00	-6.9162E+01
-2.1754E+00	-5.6194E+01
-1.7721E+00	-4.3958E+01
-1.3656E+00	-3.6019E+01
-9.0914E-01	-2.5924E+01
-7.1041E-01	-1.5866E+01
-4.5802E-01	-8.6660E+00
3.4910E-01	1.5091E+01
1.1105E+00	3.0961E+01
1.6137E+00	4.7510E+01
2.1663E+00	6.6932E+01
2.4161E+00	7.7714E+01
2.7195E+00	8.5637E+01
3.2811E+00	9.2882E+01
3.6892E+00	9.8671E+01
3.8374E+00	1.0729E+02
3.8826E+00	1.1589E+02
3.9793E+00	1.2450E+02
4.1281E+00	1.3241E+02
4.2790E+00	1.3744E+02
4.6376E+00	1.4036E+02
4.9952E+00	1.4471E+02
5.3544E+00	1.4691E+02
5.5590E+00	1.4909E+02
5.5117E+00	1.4335E+02
5.6196E+00	1.3692E+02
5.4166E+00	1.3259E+02
4.9076E+00	1.2392E+02
5.5675E+00	1.3763E+02
4.1467E+00	1.0733E+02
4.0478E+00	1.0159E+02
3.6429E+00	9.1501E+01
3.5994E+00	8.0749E+01
3.5526E+00	7.4294E+01
3.4612E+00	5.8521E+01
3.1605E+00	4.7015E+01
2.9591E+00	4.0539E+01
2.6552E+00	3.3331E+01
2.3491E+00	2.8989E+01
2.0962E+00	2.2505E+01
1.8948E+00	1.6029E+01
1.5399E+00	8.0974E+00
1.0308E+00	-5.7232E-01
4.1923E-01	-9.9731E+00
-2.8852E-01	-2.8701E+01
-8.0074E-01	-3.3073E+01
-1.1568E+00	-3.9571E+01
-1.5128E+00	-4.6070E+01
-1.6105E+00	-5.3248E+01
-1.7088E+00	-5.9709E+01
-2.2683E+00	-6.9819E+01
-2.4166E+00	-7.8437E+01
-2.7216E+00	-8.4212E+01
-2.8204E+00	-8.9957E+01
-2.8151E+00	-9.7121E+01
-2.9129E+00	-1.0430E+02
-3.0074E+00	-1.1577E+02
-3.4129E+00	-1.2515E+02
-3.6684E+00	-1.2805E+02
-3.7694E+00	-1.3093E+02
-3.9219E+00	-1.3382E+02
-3.9192E+00	-1.3740E+02
-3.8656E+00	-1.4026E+02
-3.8624E+00	-1.4455E+02
-4.0675E+00	-1.4602E+02
-4.3204E+00	-1.5250E+02
-4.6291E+00	-1.5326E+02
-4.8842E+00	-1.5688E+02
-5.0446E+00	-1.4902E+02
-5.1004E+00	-1.4330E+02
-5.1073E+00	-1.3399E+02
-4.8597E+00	-1.2034E+02
-4.7094E+00	-1.1459E+02
-4.1971E+00	-1.1021E+02
-4.1520E+00	-1.0161E+02
-3.4920E+00	-8.7905E+01
-2.9331E+00	-7.7078E+01
-2.6817E+00	-6.8446E+01
-2.0728E+00	-5.5463E+01
-1.6174E+00	-4.3936E+01
-8.5813E-01	-2.5201E+01
-4.5377E-01	-1.4397E+01
3.0181E-01	9.3528E+00
8.5600E-01	2.6626E+01
8.0499E-01	2.5902E+01
2.5887E+00	5.3381E+01
2.4819E+00	5.8380E+01
2.8337E+00	7.0609E+01
3.1892E+00	7.7824E+01
3.5457E+00	8.3607E+01
3.8518E+00	8.7949E+01
4.0537E+00	9.3709E+01
4.5101E+00	1.0380E+02
4.6578E+00	1.1314E+02
4.8061E+00	1.2176E+02
5.2125E+00	1.2969E+02
5.7200E+00	1.4051E+02
5.8725E+00	1.4340E+02
5.8789E+00	1.3481E+02
5.7322E+00	1.2404E+02
5.4782E+00	1.1899E+02
5.1238E+00	1.1034E+02
4.5128E+00	1.0022E+02
7.1483E+00	1.6078E+02
4.0622E+00	8.2248E+01
4.0128E+00	7.9375E+01
3.9697E+00	6.7907E+01
3.9750E+00	6.0743E+01
3.8278E+00	5.0693E+01
3.1711E+00	3.2689E+01
2.9718E+00	2.3347E+01
2.4123E+00	1.3237E+01
1.7970E+00	8.8506E+00
1.3905E+00	9.1202E-01
1.1413E+00	-1.0586E+01
5.2976E-01	-1.9987E+01
1.7216E-01	-2.4336E+01
-3.3953E-01	-2.9425E+01
-7.9065E-01	-4.6683E+01
-1.2439E+00	-6.1076E+01
-1.9081E+00	-6.9051E+01
-2.2620E+00	-7.8415E+01
-2.8231E+00	-8.6376E+01
-3.1249E+00	-9.6449E+01
-3.5308E+00	-1.0510E+02
-3.8358E+00	-1.1088E+02
-4.0356E+00	-1.1950E+02
-4.1854E+00	-1.2597E+02
-4.3831E+00	-1.3746E+02
-4.6886E+00	-1.4252E+02
-4.6344E+00	-1.4610E+02
-4.6828E+00	-1.5040E+02
-4.9368E+00	-1.5545E+02
-5.1026E+00	-1.4043E+02
-5.1100E+00	-1.3040E+02
-4.9660E+00	-1.1606E+02
-4.3603E+00	-9.8775E+01
-3.8565E+00	-8.2942E+01
-3.5553E+00	-7.2153E+01
-2.9437E+00	-6.2752E+01
-2.5925E+00	-4.9807E+01
-2.4936E+00	-4.4061E+01
-2.1886E+00	-3.8286E+01
-2.0903E+00	-3.1825E+01
-1.5314E+00	-2.0999E+01
-1.2269E+00	-1.4507E+01
-8.7407E-01	-3.7108E+00
6.4665E-01	3.0894E+01
3.9850E-02	1.5046E+01
8.5175E-01	3.2356E+01
2.4362E+00	5.0493E+01
3.0457E+00	6.2759E+01
3.6057E+00	7.2153E+01
3.9060E+00	8.4375E+01
4.9713E+00	1.0745E+02
5.7354E+00	1.1974E+02
5.7269E+00	1.3120E+02
5.9777E+00	1.4055E+02
6.2806E+00	1.4919E+02
6.6355E+00	1.5712E+02
6.7359E+00	1.6072E+02
6.9384E+00	1.6576E+02
7.1934E+00	1.6938E+02
7.2014E+00	1.5864E+02
7.2094E+00	1.4789E+02
7.1142E+00	1.3713E+02
7.0691E+00	1.2853E+02
6.8172E+00	1.2061E+02
6.4617E+00	1.1340E+02
6.3645E+00	1.0550E+02
6.1116E+00	9.9019E+01
5.8077E+00	9.1811E+01
5.2428E+00	8.8865E+01
8.7726E+00	1.2519E+02
1.9474E+00	1.4603E+01
4.6424E+00	6.4421E+01
4.3868E+00	6.1519E+01
4.3422E+00	5.2199E+01
3.9888E+00	4.2119E+01
3.8932E+00	3.2076E+01
3.7455E+00	2.2741E+01
3.2322E+00	1.9802E+01
2.8757E+00	1.4020E+01
2.7242E+00	9.6999E+00
2.0585E+00	3.8733E+00
1.3395E+00	1.8831E-01
7.7630E-01	-4.9072E+00
2.6514E-01	-1.0712E+01
-1.3231E-01	-3.0828E+01
-9.4687E-01	-4.4556E+01
-2.1185E+00	-6.3350E+01
-2.6743E+00	-7.8474E+01
-2.8751E+00	-8.5667E+01
-3.0717E+00	-9.8590E+01
-3.6281E+00	-1.1300E+02
-4.0308E+00	-1.2595E+02
-4.2333E+00	-1.3099E+02
-4.6865E+00	-1.4539E+02
-4.9915E+00	-1.5116E+02
-5.1934E+00	-1.5692E+02
-5.3959E+00	-1.6197E+02
-5.5999E+00	-1.6486E+02
-5.8045E+00	-1.6704E+02
-5.9591E+00	-1.6706E+02
-6.0080E+00	-1.7065E+02
-6.0064E+00	-1.7280E+02
-6.2115E+00	-1.7426E+02
-6.3682E+00	-1.7142E+02
-6.9899E+00	-1.6721E+02
-6.8927E+00	-1.5932E+02
-5.1243E+00	-1.1106E+02
-6.4931E+00	-1.4206E+02
-6.1413E+00	-1.2984E+02
-5.7880E+00	-1.1975E+02
-5.4814E+00	-1.1613E+02
-5.4873E+00	-1.0825E+02
-5.1844E+00	-9.9609E+01
-5.0871E+00	-9.1715E+01
-4.5765E+00	-8.5194E+01
-3.9660E+00	-7.4361E+01
-3.8672E+00	-6.8616E+01
-3.6158E+00	-5.9983E+01
-3.2620E+00	-5.0619E+01
-2.8029E+00	-4.4105E+01
-2.3975E+00	-3.4734E+01
-2.2487E+00	-2.6833E+01
-1.4341E+00	-1.3104E+01
-7.2582E-01	4.9072E+00
-1.1211E-01	1.1443E+01
3.9745E-01	1.9396E+01
1.0090E+00	2.8797E+01
1.8714E+00	4.7547E+01
2.4825E+00	5.7664E+01
3.0420E+00	6.7774E+01
3.8565E+00	8.1502E+01
4.4139E+00	9.4477E+01
4.8698E+00	1.0529E+02
5.2242E+00	1.1394E+02
5.5797E+00	1.2115E+02
5.8326E+00	1.2763E+02
5.9825E+00	1.3410E+02
6.1860E+00	1.3771E+02
6.4426E+00	1.3918E+02
7.3587E+00	1.5508E+02
6.6934E+00	1.4853E+02
6.8449E+00	1.5285E+02
6.9963E+00	1.5717E+02
7.3018E+00	1.6223E+02
7.5074E+00	1.6298E+02
7.4612E+00	1.5581E+02
7.4198E+00	1.4219E+02
7.2731E+00	1.3142E+02
7.2264E+00	1.2497E+02
7.0250E+00	1.1849E+02
6.8231E+00	1.1273E+02
6.3167E+00	1.0048E+02
6.0128E+00	9.3273E+01
5.5553E+00	8.4611E+01
5.2492E+00	8.0269E+01
5.0457E+00	7.6658E+01
4.3310E+00	6.7242E+01
4.0765E+00	6.2907E+01
3.4145E+00	5.2066E+01
3.4214E+00	4.2754E+01
3.1716E+00	3.1972E+01
2.7630E+00	2.6899E+01
2.3555E+00	2.0393E+01
1.7986E+00	6.7017E+00
6.7428E-01	-6.3546E+00
-1.8916E-01	-2.3672E+01
-1.3050E+00	-4.8189E+01
-1.8656E+00	-5.6866E+01
-2.3741E+00	-6.6252E+01
-2.5744E+00	-7.4161E+01
-3.3890E+00	-8.7890E+01
-3.8486E+00	-9.3687E+01
-4.3539E+00	-1.0737E+02
-4.8624E+00	-1.1676E+02
-5.1127E+00	-1.2682E+02
-5.3124E+00	-1.3545E+02
-5.4060E+00	-1.4836E+02
-5.7630E+00	-1.5342E+02
-6.1190E+00	-1.5992E+02
-6.2683E+00	-1.6711E+02
-6.6265E+00	-1.7074E+02
-6.7370E+00	-1.6073E+02
-6.6950E+00	-1.4782E+02
-6.2907E+00	-1.3702E+02
-5.8879E+00	-1.2407E+02
-4.9230E+00	-1.0459E+02
-4.8294E+00	-9.1678E+01
-4.5696E+00	-9.4506E+01
-4.3193E+00	-8.4441E+01
-4.0159E+00	-7.6517E+01
-3.6631E+00	-6.5721E+01
-3.2067E+00	-5.5626E+01
-2.4501E+00	-3.3309E+01
-1.9474E+00	-1.6043E+01
-1.4432E+00	-9.2679E-01
-1.0877E+00	6.2881E+00
-4.2402E-01	1.4980E+01
-6.8540E-02	2.2195E+01
1.1536E+00	4.2429E+01
1.9187E+00	5.3285E+01
3.8077E+00	7.7913E+01
5.0255E+00	1.0388E+02
5.6881E+00	1.1400E+02
6.0946E+00	1.2194E+02
6.4915E+00	1.4277E+02
7.5043E+00	1.6728E+02
7.9628E+00	1.7451E+02
8.3209E+00	1.7814E+02
8.5749E+00	1.8319E+02
8.7285E+00	1.8464E+02
8.7859E+00	1.7677E+02
8.7412E+00	1.6745E+02
8.6945E+00	1.6100E+02
8.4915E+00	1.5667E+02
8.4432E+00	1.5237E+02
8.4474E+00	1.4664E+02
8.4522E+00	1.4019E+02
8.0999E+00	1.2868E+02
9.5691E+00	9.3783E+01
7.9527E+00	1.1863E+02
7.9028E+00	1.1647E+02
1.0215E+01	1.2683E+02
7.3427E+00	1.0708E+02
6.6775E+00	1.0053E+02
6.4772E+00	9.2623E+01
2.6780E+00	2.5293E+00
5.5675E+00	6.8136E+01
4.6472E+00	5.7974E+01
4.0367E+00	4.7141E+01
3.6312E+00	3.7769E+01
3.6376E+00	2.9174E+01
3.4904E+00	1.9123E+01
3.0340E+00	9.0279E+00
2.5239E+00	1.7908E+00
1.6036E+00	-8.3706E+00
1.1945E+00	-1.2728E+01
4.3146E-01	-2.6449E+01
-4.9044E-01	-3.4461E+01
-2.0802E+00	-4.5435E+01
-2.5308E+00	-6.3409E+01
-3.2917E+00	-7.9995E+01
-4.2120E+00	-9.0157E+01
-4.6706E+00	-9.7387E+01
-5.3300E+00	-1.1181E+02
-5.6839E+00	-1.2117E+02
-6.0882E+00	-1.3198E+02
-6.3401E+00	-1.3989E+02
-6.6971E+00	-1.4496E+02
-7.0531E+00	-1.5146E+02
-7.1509E+00	-1.5864E+02
-7.3029E+00	-1.6224E+02
-7.3512E+00	-1.6654E+02
-7.5043E+00	-1.6872E+02
-7.7582E+00	-1.7377E+02
-7.8077E+00	-1.7664E+02
-7.9070E+00	-1.8167E+02
-7.9554E+00	-1.8597E+02
-8.2641E+00	-1.8673E+02
-8.5229E+00	-1.8534E+02
-8.5797E+00	-1.7818E+02
-8.6328E+00	-1.7604E+02
-8.4862E+00	-1.6527E+02
-8.4915E+00	-1.5811E+02
-8.0898E+00	-1.4373E+02
-7.6302E+00	-1.3793E+02
-7.1217E+00	-1.2854E+02
-6.7168E+00	-1.1846E+02
-6.0090E+00	-9.9728E+01
-5.6057E+00	-8.7491E+01
-5.1472E+00	-8.0261E+01
-4.5887E+00	-6.8719E+01
-4.2354E+00	-5.8639E+01
-3.7779E+00	-4.9976E+01
-3.4246E+00	-3.9896E+01
-2.9166E+00	-2.9794E+01
-2.4081E+00	-2.0408E+01
-2.2588E+00	-1.3222E+01
-1.9570E+00	-3.1496E+00
-1.1939E+00	1.0571E+01
-7.8427E-01	1.4212E+01
-6.8332E-01	1.7092E+01
-5.3135E-01	2.0696E+01
-3.2944E-01	2.6456E+01
-2.4440E-02	3.2231E+01
4.3252E-01	4.1609E+01
9.9628E-01	4.5989E+01
2.1706E+00	6.1201E+01
3.1413E+00	7.2803E+01
4.0622E+00	8.2248E+01
4.9825E+00	9.2409E+01
5.3863E+00	1.0393E+02
5.9453E+00	1.1476E+02
6.6020E+00	1.3276E+02
6.8034E+00	1.3924E+02
7.3114E+00	1.4934E+02
7.7646E+00	1.6373E+02
8.0202E+00	1.6663E+02
8.4277E+00	1.7314E+02
8.7349E+00	1.7605E+02
9.0425E+00	1.7824E+02
8.8406E+00	1.7248E+02
8.6966E+00	1.5813E+02
8.3900E+00	1.5451E+02
8.2391E+00	1.4947E+02
8.0925E+00	1.3870E+02
8.1079E+00	1.1793E+02
7.3454E+00	1.0349E+02
6.6344E+00	8.9064E+01
6.0744E+00	7.9670E+01
5.7237E+00	6.6009E+01
4.6993E+00	5.7265E+01
3.8847E+00	4.3537E+01
3.9421E+00	3.5665E+01
3.6424E+00	2.2727E+01
2.9809E+00	1.1169E+01
1.9617E+00	-4.7373E+00
1.5053E+00	-1.4832E+01
8.9160E-01	-2.1368E+01
5.3560E-01	-2.7866E+01
2.6040E-02	-3.5820E+01
-1.4538E+00	-5.6091E+01
-2.4793E+00	-6.3402E+01
-3.3459E+00	-7.6421E+01
-4.4718E+00	-8.7328E+01
-5.0308E+00	-9.8155E+01
-5.7412E+00	-1.1330E+02
-6.0425E+00	-1.2409E+02
-6.6573E+00	-1.2919E+02
-6.9612E+00	-1.3640E+02
-7.2673E+00	-1.4074E+02
-7.5701E+00	-1.4938E+02
-7.7205E+00	-1.5514E+02
-7.8656E+00	-1.6805E+02
-8.1185E+00	-1.7454E+02
-8.5255E+00	-1.8176E+02
-8.5351E+00	-1.6886E+02
-8.3969E+00	-1.4664E+02
-7.8905E+00	-1.3438E+02
-7.5329E+00	-1.3003E+02
-7.2811E+00	-1.2212E+02
-7.2349E+00	-1.1495E+02
-6.9830E+00	-1.0703E+02
-6.3204E+00	-9.6907E+01
-6.1722E+00	-8.8289E+01
-5.7673E+00	-7.8201E+01
-5.1036E+00	-6.9509E+01
-4.2402E+00	-5.2192E+01
-3.6812E+00	-4.1366E+01
-3.3278E+00	-3.1286E+01
-2.2099E+00	-9.6334E+00
-1.5994E+00	1.2000E+00
-8.3475E-01	1.2772E+01
-5.2869E-01	1.7114E+01
1.2545E+00	4.5309E+01
2.4782E+00	6.3394E+01
3.6020E+00	7.7167E+01
4.4660E+00	9.3768E+01
5.0218E+00	1.0889E+02
5.9384E+00	1.2407E+02
6.4490E+00	1.3059E+02
6.8007E+00	1.4282E+02
7.4107E+00	1.5437E+02
8.3773E+00	1.7170E+02
8.8358E+00	1.7893E+02
9.2407E+00	1.8902E+02
9.8592E+00	1.8911E+02
1.0271E+01	1.8988E+02
1.0375E+01	1.8846E+02
1.0432E+01	1.8131E+02
1.0386E+01	1.7342E+02
1.0238E+01	1.6552E+02
1.0088E+01	1.5905E+02
9.9878E+00	1.5474E+02
9.6312E+00	1.4895E+02
9.4798E+00	1.4463E+02
9.4315E+00	1.4033E+02
9.1791E+00	1.3313E+02
8.9772E+00	1.2737E+02
8.7758E+00	1.2089E+02
8.5223E+00	1.1512E+02
8.2163E+00	1.1078E+02
8.1663E+00	1.0863E+02
7.9628E+00	1.0501E+02
7.6057E+00	9.9949E+01
7.3023E+00	9.2025E+01
6.8975E+00	8.1938E+01
6.6966E+00	7.4745E+01
6.5457E+00	6.9708E+01
6.2907E+00	6.6090E+01
5.9352E+00	5.8875E+01
5.6817E+00	5.3108E+01
5.5292E+00	5.0220E+01
5.2232E+00	4.5878E+01
4.6621E+00	3.7917E+01
4.2524E+00	3.4276E+01
3.4888E+00	2.1272E+01
3.0840E+00	1.1184E+01
1.7556E+00	-4.7669E+00
5.7811E-01	-1.5682E+01
2.0190E-02	-2.7940E+01
-7.4548E-01	-3.8080E+01
-1.6142E+00	-4.8234E+01
-2.4825E+00	-5.9104E+01
-3.1456E+00	-6.8512E+01
-3.7572E+00	-7.7913E+01
-4.0611E+00	-8.5120E+01
-5.5909E+00	-1.0755E+02
-5.8427E+00	-1.1546E+02
-6.4054E+00	-1.2128E+02
-6.8629E+00	-1.2994E+02
-7.4240E+00	-1.3790E+02
-7.7258E+00	-1.4797E+02
-7.9219E+00	-1.6161E+02
-8.1738E+00	-1.6953E+02
-8.2726E+00	-1.7527E+02
-8.4740E+00	-1.8175E+02
-8.7290E+00	-1.8537E+02
-9.2418E+00	-1.8902E+02
-9.3953E+00	-1.9048E+02
-8.1127E+00	-1.1292E+02
-9.5128E+00	-1.7115E+02
-9.5218E+00	-1.5898E+02
-9.4246E+00	-1.5108E+02
-8.8087E+00	-1.4741E+02
-8.6583E+00	-1.4166E+02
-8.3528E+00	-1.3660E+02
-8.0988E+00	-1.3155E+02
-8.1578E+00	-1.2153E+02
-8.1100E+00	-1.1651E+02
-7.8066E+00	-1.0858E+02
-5.9798E+00	-6.9635E+01
-7.0962E+00	-9.3436E+01
-6.4851E+00	-8.3319E+01
-5.7721E+00	-7.1754E+01
-5.3677E+00	-6.0950E+01
-4.6536E+00	-5.0818E+01
-4.3502E+00	-4.2894E+01
-3.5845E+00	-3.2755E+01
-3.0271E+00	-1.9780E+01
-2.4671E+00	-1.0387E+01
-1.6498E+00	-2.4000E-01
-1.0914E+00	1.1302E+01
-3.7673E-01	2.0718E+01
9.0011E-01	3.6662E+01
1.8199E+00	4.7539E+01
2.7869E+00	6.4155E+01
3.7056E+00	7.6466E+01
4.2646E+00	8.7292E+01
5.4426E+00	9.7490E+01
5.6419E+00	1.0683E+02
6.2019E+00	1.1623E+02
6.6578E+00	1.2704E+02
6.9097E+00	1.3495E+02
7.3178E+00	1.4074E+02
7.7795E+00	1.4367E+02
7.9819E+00	1.4872E+02
8.4362E+00	1.6168E+02
9.0574E+00	1.5819E+02
9.3119E+00	1.6252E+02
9.3597E+00	1.6754E+02
9.4070E+00	1.7328E+02
9.5080E+00	1.7616E+02
9.6610E+00	1.7833E+02
9.8645E+00	1.8194E+02
1.0172E+01	1.8485E+02
1.0326E+01	1.8487E+02
1.0538E+01	1.7774E+02
1.0646E+01	1.7059E+02
1.0651E+01	1.6414E+02
1.0655E+01	1.5913E+02
1.0452E+01	1.5480E+02
1.0300E+01	1.5120E+02
1.0046E+01	1.4543E+02
9.7922E+00	1.4038E+02
9.3852E+00	1.3316E+02
9.1849E+00	1.2525E+02
9.0351E+00	1.1878E+02
8.8858E+00	1.1159E+02
8.5813E+00	1.0510E+02
1.0120E+01	1.1535E+02
7.6121E+00	9.1353E+01
7.2062E+00	8.2698E+01
7.0048E+00	7.6222E+01
6.7524E+00	6.9022E+01
6.6020E+00	6.3269E+01
6.3969E+00	6.1807E+01
5.9904E+00	5.3868E+01
4.8656E+00	4.1528E+01
4.7173E+00	3.2910E+01
4.0547E+00	2.2786E+01
3.4931E+00	1.5541E+01
2.7264E+00	6.8346E+00
2.5776E+00	-1.0671E+00
-1.1569E+01	-1.7933E+02
1.0468E+00	-2.2062E+01
2.3061E-01	-3.3641E+01
-8.4272E-01	-4.5974E+01
-1.7630E+00	-5.6135E+01
-3.0898E+00	-7.4235E+01
-3.9086E+00	-8.2233E+01
-5.5420E+00	-1.0396E+02
-7.1190E+00	-1.3212E+02
-7.7253E+00	-1.4869E+02
-7.9756E+00	-1.5875E+02
-8.2790E+00	-1.6668E+02
-8.8422E+00	-1.7177E+02
-9.2481E+00	-1.8043E+02
-9.4022E+00	-1.8117E+02
-9.7083E+00	-1.8551E+02
-9.8592E+00	-1.9055E+02
-9.9161E+00	-1.8339E+02
-9.8746E+00	-1.6977E+02
-9.7790E+00	-1.5973E+02
-9.5276E+00	-1.5110E+02
-9.1748E+00	-1.4030E+02
-8.8698E+00	-1.3452E+02
-8.6196E+00	-1.2446E+02
-8.3666E+00	-1.1798E+02
-7.7056E+00	-1.0570E+02
-7.4001E+00	-1.0064E+02
-6.8927E+00	-8.9825E+01
-6.6918E+00	-8.2632E+01
-5.7264E+00	-6.3867E+01
-4.9633E+00	-5.0146E+01
-4.5585E+00	-4.0059E+01
-4.1488E+00	-3.6418E+01
-3.8959E+00	-2.9934E+01
-3.5393E+00	-2.4152E+01
-2.6674E+00	-1.8296E+01
-1.6525E+00	3.3416E+00
-3.7407E-01	1.7136E+01
9.5430E-01	3.3087E+01
2.3300E+00	5.4776E+01
3.1472E+00	6.4923E+01
5.7582E+00	8.8938E+01
5.2917E+00	9.2454E+01
6.2094E+00	1.0620E+02
7.3794E+00	1.2714E+02
7.8363E+00	1.3652E+02
8.6015E+00	1.4737E+02
9.0585E+00	1.5675E+02
9.5675E+00	1.6542E+02
9.8225E+00	1.6904E+02
1.0128E+01	1.7410E+02
1.0380E+01	1.8130E+02
1.0386E+01	1.7342E+02
1.0291E+01	1.6266E+02
9.9362E+00	1.5473E+02
9.4299E+00	1.4248E+02
9.1785E+00	1.3385E+02
8.7237E+00	1.2160E+02
8.4224E+00	1.1081E+02
8.0707E+00	9.8583E+01
7.7152E+00	9.1368E+01
7.1026E+00	8.3400E+01
6.9033E+00	7.4058E+01
6.2944E+00	6.1076E+01
4.4612E+00	3.0724E+01
3.9527E+00	2.1338E+01
3.3921E+00	1.2661E+01
2.7795E+00	4.6930E+00
2.4745E+00	-1.0819E+00
1.6073E+00	-1.3385E+01
1.2327E-01	-2.7925E+01
-1.4129E+00	-4.1757E+01
-2.4293E+00	-6.1246E+01
-2.9362E+00	-7.2781E+01
-4.1111E+00	-8.7277E+01
-4.9224E+00	-1.0530E+02
-5.8937E+00	-1.1619E+02
-6.6084E+00	-1.2560E+02
-7.1690E+00	-1.3428E+02
-7.5244E+00	-1.4150E+02
-7.9320E+00	-1.4800E+02
-8.1849E+00	-1.5449E+02
-8.4394E+00	-1.5882E+02
-8.9001E+00	-1.6318E+02
-9.6121E+00	-1.7618E+02
-9.9182E+00	-1.8052E+02
-1.0071E+01	-1.8270E+02
-1.0132E+01	-1.7053E+02
-9.9851E+00	-1.5976E+02
-9.5824E+00	-1.4681E+02
-8.9734E+00	-1.3382E+02
-8.6775E+00	-1.1587E+02
-7.5037E+00	-9.9942E+01
-6.5372E+00	-8.2610E+01
-5.9793E+00	-7.0351E+01
-5.3688E+00	-5.9517E+01
-4.5048E+00	-4.2917E+01
-3.7412E+00	-2.9912E+01
-3.3874E+00	-2.0548E+01
-2.4660E+00	-1.1819E+01
-1.7566E+00	4.7595E+00
-2.7365E-01	2.0733E+01
1.3103E+00	3.9586E+01
2.3852E+00	4.9770E+01
2.7407E+00	5.6985E+01
4.0659E+00	7.7234E+01
5.2375E+00	9.6028E+01
6.1541E+00	1.1120E+02
6.8682E+00	1.2134E+02
7.8353E+00	1.3795E+02
8.4479E+00	1.4592E+02
9.1615E+00	1.5677E+02
9.5675E+00	1.6542E+02
9.8220E+00	1.6976E+02
1.0328E+01	1.8272E+02
1.0789E+01	1.8637E+02
1.0942E+01	1.8926E+02
1.0991E+01	1.9213E+02
1.1300E+01	1.9289E+02
1.1815E+01	1.9297E+02
1.2176E+01	1.9302E+02
1.1979E+01	1.8081E+02
1.1984E+01	1.7365E+02
1.1628E+01	1.6715E+02
1.1478E+01	1.6068E+02
1.1431E+01	1.5423E+02
1.0720E+01	1.4051E+02
1.0622E+01	1.3334E+02
9.9570E+00	1.2679E+02
9.8055E+00	1.2247E+02
9.7072E+00	1.1601E+02
9.4054E+00	1.0594E+02
9.2582E+00	9.5887E+01
9.1079E+00	9.0135E+01
8.8013E+00	8.6509E+01
8.5457E+00	8.3607E+01
8.0829E+00	8.2107E+01
7.8778E+00	8.0645E+01
7.6265E+00	7.2013E+01
7.2715E+00	6.4081E+01
6.9697E+00	5.4008E+01
5.3921E+00	2.6559E+01
5.9479E+00	4.1683E+01
5.5898E+00	3.8050E+01
5.5420E+00	3.3028E+01
5.0813E+00	2.8664E+01
4.6716E+00	2.5023E+01
4.3677E+00	1.7816E+01
4.0106E+00	1.2750E+01
3.7051E+00	7.6912E+00
3.0399E+00	1.1483E+00
2.7354E+00	-5.3429E+00
2.4304E+00	-1.1118E+01
1.7646E+00	-1.6944E+01
1.0468E+00	-2.2062E+01
9.4474E-01	-2.3509E+01
-2.8374E-01	-3.5148E+01
-1.7721E+00	-4.3958E+01
-2.7965E+00	-5.2701E+01
-3.3565E+00	-6.2095E+01
-3.9639E+00	-7.7226E+01
-5.1339E+00	-9.8169E+01
-5.3863E+00	-1.0537E+02
-5.9479E+00	-1.1261E+02
-6.6637E+00	-1.2060E+02
-7.5824E+00	-1.3291E+02
-7.6791E+00	-1.4152E+02
-8.1870E+00	-1.5162E+02
-8.4910E+00	-1.5883E+02
-8.7960E+00	-1.6460E+02
-9.1020E+00	-1.6894E+02
-9.7163E+00	-1.7476E+02
-1.0227E+01	-1.8128E+02
-1.0481E+01	-1.8562E+02
-1.0737E+01	-1.8852E+02
-1.1249E+01	-1.9289E+02
-1.1609E+01	-1.9438E+02
-1.1712E+01	-1.9439E+02
-1.1613E+01	-1.8865E+02
-1.1728E+01	-1.7219E+02
-1.1839E+01	-1.6217E+02
-1.1434E+01	-1.5209E+02
-1.1232E+01	-1.4704E+02
-1.0618E+01	-1.3979E+02
-1.0322E+01	-1.2255E+02
-1.0120E+01	-1.1751E+02
-9.7115E+00	-1.1172E+02
-9.3576E+00	-1.0236E+02
-8.9522E+00	-9.2985E+01
-8.2896E+00	-8.2861E+01
-7.7811E+00	-7.3475E+01
-7.4288E+00	-6.1962E+01
-6.9203E+00	-5.2576E+01
-6.2035E+00	-4.6026E+01
-5.8464E+00	-4.0960E+01
1.3723E+01	1.2232E+02
8.5122E+00	1.2873E+02
-5.0824E+00	-2.8671E+01
-4.9814E+00	-2.5791E+01
-4.8799E+00	-2.3628E+01
-4.4187E+00	-1.9979E+01
-4.1647E+00	-1.4928E+01
-3.9091E+00	-1.2026E+01
-3.6020E+00	-9.1165E+00
-3.4501E+00	-5.5127E+00
-3.3496E+00	-1.9164E+00
-2.6823E+00	1.7613E+00
-2.4267E+00	4.6635E+00
-2.0680E+00	7.5805E+00
-1.5048E+00	1.2676E+01
-1.1520E+00	2.3472E+01
3.0946E+00	6.6348E+01
1.9660E-02	4.2267E+01
1.0951E+00	5.1734E+01
1.8661E+00	5.4710E+01
4.4825E+00	7.1562E+01
5.5526E+00	8.8193E+01
6.9304E+00	1.0702E+02
7.3879E+00	1.1568E+02
7.9479E+00	1.2507E+02
8.7125E+00	1.3664E+02
8.9644E+00	1.4456E+02
9.3730E+00	1.4963E+02
1.0037E+01	1.5761E+02
1.1007E+01	1.6993E+02
1.1159E+01	1.7353E+02
1.1156E+01	1.7855E+02
1.1515E+01	1.8075E+02
1.1670E+01	1.8077E+02
1.2031E+01	1.7939E+02
1.2142E+01	1.6937E+02
1.2041E+01	1.6578E+02
1.1944E+01	1.5788E+02
1.1897E+01	1.5214E+02
1.1643E+01	1.4638E+02
1.1337E+01	1.4275E+02
1.0879E+01	1.3481E+02
1.0679E+01	1.2618E+02
1.0682E+01	1.2188E+02
1.0534E+01	1.1326E+02
1.0230E+01	1.0606E+02
9.8209E+00	1.0170E+02
9.4176E+00	8.9463E+01
8.9060E+00	8.4375E+01
8.4453E+00	8.0010E+01
8.1918E+00	7.4243E+01
7.8374E+00	6.5595E+01
7.2274E+00	5.4045E+01
6.4602E+00	4.6055E+01
6.1552E+00	4.0280E+01
6.1052E+00	3.8124E+01
6.0037E+00	3.5960E+01
5.8512E+00	3.3073E+01
5.5951E+00	3.0887E+01
5.1892E+00	2.2232E+01
4.7285E+00	1.7867E+01
4.5239E+00	1.5689E+01
3.9081E+00	1.2019E+01
3.5505E+00	7.6691E+00
3.0909E+00	1.8720E+00
2.4251E+00	-3.9545E+00
1.3539E+00	-1.9152E+01
-1.5648E+00	-4.5361E+01
-3.0951E+00	-6.7072E+01
-3.9086E+00	-8.2233E+01
-4.8778E+00	-9.5983E+01
-5.7476E+00	-1.0470E+02
-6.1020E+00	-1.1335E+02
-6.7131E+00	-1.2347E+02
-7.4830E+00	-1.2788E+02
-8.0988E+00	-1.3155E+02
-8.4548E+00	-1.3805E+02
-8.9633E+00	-1.4743E+02
-9.7827E+00	-1.5471E+02
-9.9293E+00	-1.6548E+02
-1.0234E+01	-1.7126E+02
-1.0436E+01	-1.7702E+02
-1.0898E+01	-1.7995E+02
-1.1564E+01	-1.8577E+02
-1.1878E+01	-1.7937E+02
-1.2092E+01	-1.6794E+02
-1.1894E+01	-1.5717E+02
-1.1335E+01	-1.4634E+02
-1.0825E+01	-1.3910E+02
-1.0521E+01	-1.3261E+02
-1.0273E+01	-1.1968E+02
-1.0021E+01	-1.1176E+02
-9.8193E+00	-1.0529E+02
-9.4113E+00	-9.9499E+01
-9.0048E+00	-9.1560E+01
-8.2912E+00	-8.0712E+01
-8.0393E+00	-7.2795E+01
-7.6328E+00	-6.4857E+01
-7.1249E+00	-5.4754E+01
-6.4602E+00	-4.7495E+01
-6.3613E+00	-4.1750E+01
-5.9522E+00	-3.7393E+01
-5.4416E+00	-3.0872E+01
-4.4214E+00	-1.6398E+01
-3.0935E+00	2.6954E-01
-2.4309E+00	1.0394E+01
-1.7157E+00	1.9093E+01
-1.1530E+00	2.4905E+01
7.9756E-01	3.5931E+01
2.1791E+00	4.9740E+01
2.8943E+00	5.8439E+01
6.8879E+00	9.4831E+01
5.0887E+00	8.8126E+01
6.4718E+00	9.9787E+01
6.9793E+00	1.1061E+02
7.7970E+00	1.2004E+02
9.2221E+00	1.4460E+02
1.0142E+01	1.5476E+02
1.0553E+01	1.5697E+02
1.1067E+01	1.5919E+02
1.1424E+01	1.6426E+02
1.1729E+01	1.7003E+02
1.2035E+01	1.7437E+02
1.2141E+01	1.7009E+02
1.2145E+01	1.6579E+02
1.2253E+01	1.5864E+02
1.2202E+01	1.5720E+02
1.1847E+01	1.4999E+02
1.1851E+01	1.4426E+02
1.1754E+01	1.3636E+02
1.1397E+01	1.3058E+02
1.1092E+01	1.2481E+02
1.0943E+01	1.1762E+02
1.0537E+01	1.0968E+02
9.8735E+00	1.0027E+02
9.2651E+00	8.6575E+01
8.6552E+00	7.5025E+01
8.3007E+00	6.6378E+01
7.8417E+00	5.9865E+01
7.1275E+00	4.9733E+01
6.0521E+00	4.0265E+01
5.7986E+00	3.4498E+01
5.7003E+00	2.8036E+01
5.2412E+00	2.1523E+01
4.4745E+00	1.2816E+01
3.7566E+00	7.6986E+00
2.5292E+00	-5.3724E+00
1.7110E+00	-1.4086E+01
-3.3847E-01	-3.0857E+01
-2.6876E+00	-6.0566E+01
-3.6568E+00	-7.4317E+01
-4.5723E+00	-9.0925E+01
-5.1334E+00	-9.8886E+01
-7.0723E+00	-1.2567E+02
-7.8401E+00	-1.3294E+02
-8.7604E+00	-1.4311E+02
-1.0292E+01	-1.6267E+02
-1.0648E+01	-1.6988E+02
-1.1055E+01	-1.7711E+02
-1.1414E+01	-1.7931E+02
-1.1567E+01	-1.8148E+02
-1.1885E+01	-1.6934E+02
-1.1742E+01	-1.5428E+02
-1.1696E+01	-1.4711E+02
-1.1134E+01	-1.3986E+02
-1.0677E+01	-1.3049E+02
-9.3555E+00	-1.0522E+02
-9.0021E+00	-9.5142E+01
-8.0340E+00	-7.9959E+01
-7.4267E+00	-6.4827E+01
-6.5085E+00	-5.1800E+01
-5.5941E+00	-3.3759E+01
-4.5218E+00	-1.9994E+01
-3.9623E+00	-9.8845E+00
-3.2497E+00	2.3964E+00
-1.8167E+00	1.6213E+01
-1.0489E+00	2.3487E+01
1.2859E-01	3.4402E+01
1.1498E+00	4.7443E+01
3.4076E+00	6.1378E+01
4.8342E+00	8.3791E+01
7.0340E+00	1.0631E+02
8.0500E+00	1.2652E+02
9.5829E+00	1.4465E+02
1.0244E+01	1.5621E+02
1.0600E+01	1.6342E+02
1.1009E+01	1.6849E+02
1.1470E+01	1.7214E+02
1.1982E+01	1.7651E+02
1.2394E+01	1.7729E+02
1.2854E+01	1.8165E+02
1.3625E+01	1.8463E+02
1.4190E+01	1.8758E+02
1.4806E+01	1.9125E+02
1.5167E+01	1.9130E+02
1.5372E+01	1.9204E+02
1.5223E+01	1.8558E+02
1.5332E+01	1.7771E+02
1.5335E+01	1.7270E+02
8.5882E+00	2.6301E+01
1.4829E+01	1.6045E+02
3.0569E+00	-2.1774E+01
1.4583E+01	1.4393E+02
1.4331E+01	1.3745E+02
1.4028E+01	1.2809E+02
1.3318E+01	1.1223E+02
1.2910E+01	1.0644E+02
1.2656E+01	1.0139E+02
1.2402E+01	9.7054E+01
1.2353E+01	9.2749E+01
1.2255E+01	8.6287E+01
1.1794E+01	8.2639E+01
1.1435E+01	7.9722E+01
1.1179E+01	7.8253E+01
1.1285E+01	7.3253E+01
1.1340E+01	6.8963E+01
1.1189E+01	6.4643E+01
1.0265E+01	5.9495E+01
9.7035E+00	5.1535E+01
9.0930E+00	4.0701E+01
8.6339E+00	3.4188E+01
8.1748E+00	2.7674E+01
7.8688E+00	2.3332E+01
7.4570E+00	2.2557E+01
7.5144E+00	1.4685E+01
7.1541E+00	1.3917E+01
6.7976E+00	8.1343E+00
6.2859E+00	3.0462E+00
5.7721E+00	8.2340E-01
4.7997E+00	-8.6291E+00
4.1854E+00	-1.4448E+01
3.0563E+00	-2.1058E+01
1.0569E+00	-3.5672E+01
3.4006E-01	-4.2222E+01
-4.7768E-01	-5.1653E+01
-1.8077E+00	-6.5455E+01
-3.3948E+00	-8.0010E+01
-4.8810E+00	-9.1686E+01
-5.7481E+00	-1.0399E+02
-6.9261E+00	-1.1419E+02
-8.3018E+00	-1.3588E+02
-8.7582E+00	-1.4597E+02
-9.2163E+00	-1.5392E+02
-9.7280E+00	-1.5900E+02
-1.0241E+01	-1.6194E+02
-1.0704E+01	-1.6344E+02
-1.1115E+01	-1.6565E+02
-1.1113E+01	-1.6780E+02
-1.1317E+01	-1.7070E+02
-1.2446E+01	-1.7802E+02
-1.3165E+01	-1.8099E+02
-1.3524E+01	-1.8319E+02
-1.4089E+01	-1.8685E+02
-1.4655E+01	-1.8837E+02
-1.5272E+01	-1.9060E+02
-1.5634E+01	-1.8851E+02
-1.5694E+01	-1.7634E+02
-1.5343E+01	-1.6411E+02
-1.4938E+01	-1.5330E+02
-1.4233E+01	-1.3099E+02
-1.3573E+01	-1.1729E+02
-1.3119E+01	-1.0433E+02
-1.3021E+01	-9.7150E+01
-1.2717E+01	-9.0659E+01
-1.2514E+01	-8.6332E+01
-1.2259E+01	-8.1997E+01
-1.2159E+01	-7.8400E+01
-1.1750E+01	-7.4043E+01
-1.0983E+01	-6.5337E+01
-1.0728E+01	-6.1718E+01
-1.0523E+01	-6.0256E+01
-1.0474E+01	-5.6667E+01
-1.0273E+01	-5.0191E+01
-9.7072E+00	-4.7960E+01
-9.3013E+00	-3.9305E+01
-9.1514E+00	-3.2836E+01
-8.4841E+00	-2.9159E+01
-8.1775E+00	-2.5533E+01
-8.0244E+00	-2.3362E+01
-7.8209E+00	-1.9751E+01
-7.2572E+00	-1.5371E+01
-6.8990E+00	-1.1738E+01
-6.4384E+00	-7.3737E+00
-6.0813E+00	-2.3077E+00
-6.0340E+00	3.4302E+00
-5.5213E+00	7.0857E+00
-4.3411E+00	1.4419E+01
-3.5728E+00	2.0976E+01
-2.5956E+00	2.3982E+01
-1.5648E+00	2.4130E+01
-6.9447E-01	3.2135E+01
7.0670E+00	6.1903E+01
1.5654E+00	4.3205E+01
4.9400E+00	8.0224E+01
6.0643E+00	9.3281E+01
6.9315E+00	1.0558E+02
7.8480E+00	1.2076E+02
9.9522E+00	1.3324E+02
1.1078E+01	1.4415E+02
1.1281E+01	1.4847E+02
1.2208E+01	1.4932E+02
1.2461E+01	1.5581E+02
1.3286E+01	1.5593E+02
1.3851E+01	1.5887E+02
1.4314E+01	1.6037E+02
1.4672E+01	1.6329E+02
1.5185E+01	1.6623E+02
1.5546E+01	1.6628E+02
1.5602E+01	1.6056E+02
1.5301E+01	1.4905E+02
1.5206E+01	1.3829E+02
1.4750E+01	1.2820E+02
1.4342E+01	1.2241E+02
1.4302E+01	1.0592E+02
1.3897E+01	9.5836E+01
1.3337E+01	8.6442E+01
1.2776E+01	7.8482E+01
1.2420E+01	7.2699E+01
1.1757E+01	6.3291E+01
1.1246E+01	5.6770E+01
1.0527E+01	5.3085E+01
1.0018E+01	4.4416E+01
9.7657E+00	3.7216E+01
9.0988E+00	3.2822E+01
8.4373E+00	2.1264E+01
8.0282E+00	1.6907E+01
7.4145E+00	1.0372E+01
7.1615E+00	3.8881E+00
6.3905E+00	9.1202E-01
-2.2264E-01	-4.8034E+01
-2.6259E+00	-7.4169E+01
-4.0569E+00	-9.0851E+01
-5.4394E+00	-1.0323E+02
-7.3369E+00	-1.1639E+02
-7.9012E+00	-1.2006E+02
-8.5170E+00	-1.2373E+02
-8.9283E+00	-1.2522E+02
-9.4410E+00	-1.2888E+02
-9.8013E+00	-1.2964E+02
-9.7986E+00	-1.3322E+02
-1.0260E+01	-1.3687E+02
-1.1132E+01	-1.4273E+02
-1.1334E+01	-1.4777E+02
-1.2000E+01	-1.5360E+02
-1.2461E+01	-1.5725E+02
-1.3129E+01	-1.6093E+02
-1.3744E+01	-1.6460E+02
-1.4516E+01	-1.6614E+02
-1.5081E+01	-1.6909E+02
-1.5493E+01	-1.7058E+02
-1.5648E+01	-1.6988E+02
-1.5708E+01	-1.5771E+02
-1.5410E+01	-1.4334E+02
-1.5162E+01	-1.3041E+02
-1.4708E+01	-1.1673E+02
-1.3899E+01	-9.5843E+01
-1.3182E+01	-8.8577E+01
-1.2724E+01	-8.1347E+01
-1.2573E+01	-7.6310E+01
-1.2423E+01	-6.9841E+01
-1.2169E+01	-6.4790E+01
-1.1758E+01	-6.2582E+01
-1.1452E+01	-5.8956E+01
-1.1352E+01	-5.4644E+01
-1.1099E+01	-4.7443E+01
-1.0690E+01	-4.3803E+01
-1.0283E+01	-3.6580E+01
-1.0132E+01	-3.1544E+01
-9.3114E+00	-2.5695E+01
-9.0043E+00	-2.2786E+01
-1.5229E+00	3.7031E+01
-7.8762E+00	-1.4744E+01
-7.1095E+00	-6.0370E+00
-6.4947E+00	-9.3417E-01
-5.7285E+00	8.4888E+00
-3.7790E+00	2.0947E+01
-2.6498E+00	2.7556E+01
-2.1350E+00	2.8346E+01
-1.6743E+00	3.2711E+01
-1.0080E+00	3.7821E+01
-1.8810E-01	4.4386E+01
3.2465E-01	4.8042E+01
2.1222E+00	5.6896E+01
4.1706E+00	7.5099E+01
5.1440E+00	8.3119E+01
7.0399E+00	9.8435E+01
7.8565E+00	1.0930E+02
8.8310E+00	1.1589E+02
9.5484E+00	1.2172E+02
1.1088E+01	1.3054E+02
1.2884E+01	1.4154E+02
1.3602E+01	1.4666E+02
1.4526E+01	1.5252E+02
1.4987E+01	1.5545E+02
1.5452E+01	1.5480E+02
1.5408E+01	1.4405E+02
1.5212E+01	1.3041E+02
1.4808E+01	1.1961E+02
1.4710E+01	1.1171E+02
1.3946E+01	9.9425E+01
1.3541E+01	9.0053E+01
1.2878E+01	7.9929E+01
1.2626E+01	7.2729E+01
1.2371E+01	6.8394E+01
1.2117E+01	6.3343E+01
1.1298E+01	5.6061E+01
1.1095E+01	5.1734E+01
1.0738E+01	4.6668E+01
1.0277E+01	4.3020E+01
9.9702E+00	3.9394E+01
9.4586E+00	3.4306E+01
9.4097E+00	3.0717E+01
8.8985E+00	2.4912E+01
8.3858E+00	2.1257E+01
6.5951E+00	3.0905E+00
5.0542E+00	-4.2942E+00
4.3406E+00	-1.5142E+01
2.0802E+00	-2.5496E+01
1.2582E+00	-2.9196E+01
6.9288E-01	-3.1426E+01
-7.4123E-01	-4.3810E+01
-2.4809E+00	-6.1253E+01
-3.2992E+00	-6.9967E+01
-4.4277E+00	-7.7293E+01
-4.7832E+00	-8.4508E+01
-5.8613E+00	-9.0393E+01
-6.5287E+00	-9.4071E+01
-7.4006E+00	-9.9927E+01
-8.1185E+00	-1.0504E+02
-8.5792E+00	-1.0941E+02
-9.1945E+00	-1.1380E+02
-9.6052E+00	-1.1600E+02
-1.0426E+01	-1.2114E+02
-1.0837E+01	-1.2334E+02
-1.1143E+01	-1.2769E+02
-1.1446E+01	-1.3561E+02
-1.1651E+01	-1.3707E+02
-1.2268E+01	-1.3931E+02
-1.3345E+01	-1.4663E+02
-1.4370E+01	-1.5537E+02
-1.4727E+01	-1.5972E+02
-1.5448E+01	-1.6054E+02
-1.5965E+01	-1.5918E+02
-1.6176E+01	-1.5276E+02
-1.6182E+01	-1.4489E+02
-1.6085E+01	-1.3627E+02
-1.5730E+01	-1.2834E+02
-1.5120E+01	-1.1679E+02
-1.4507E+01	-1.0883E+02
-1.3947E+01	-1.0015E+02
-1.3645E+01	-9.0076E+01
-1.3650E+01	-8.2912E+01
-1.3552E+01	-7.6451E+01
-1.3039E+01	-7.2795E+01
-1.2426E+01	-6.6260E+01
-1.2070E+01	-5.9761E+01
-1.1560E+01	-5.1808E+01
-1.0127E+01	-3.7991E+01
-9.7731E+00	-2.8627E+01
-8.5436E+00	-1.8421E+01
-8.0319E+00	-1.3333E+01
-7.5191E+00	-9.6777E+00
-7.0085E+00	-3.1570E+00
-5.9798E+00	-1.4400E-01
-5.3719E+00	1.4271E+01
-3.5744E+00	2.3125E+01
-2.3948E+00	3.1175E+01
-7.0138E-01	4.1447E+01
8.3953E-01	4.8832E+01
2.0675E+00	6.1186E+01
3.9166E+00	7.0048E+01
4.9378E+00	8.3090E+01
6.1695E+00	9.0430E+01
7.4548E+00	9.4913E+01
8.1217E+00	9.9307E+01
8.8379E+00	1.0657E+02
9.4527E+00	1.1168E+02
1.0785E+01	1.2261E+02
1.1761E+01	1.2633E+02
1.2479E+01	1.3217E+02
1.2939E+01	1.3653E+02
1.3759E+01	1.4310E+02
1.4684E+01	1.4753E+02
1.5660E+01	1.5197E+02
1.6380E+01	1.5422E+02
1.7202E+01	1.5720E+02
1.7818E+01	1.6087E+02
1.8434E+01	1.6454E+02
1.9001E+01	1.6462E+02
1.9211E+01	1.5964E+02
1.8909E+01	1.5028E+02
1.8765E+01	1.3522E+02
1.8361E+01	1.2370E+02
1.7701E+01	1.0999E+02
1.7089E+01	1.0131E+02
1.6940E+01	9.3406E+01
1.6332E+01	7.9707E+01
1.5306E+01	7.3829E+01
1.4696E+01	6.2279E+01
1.4288E+01	5.5773E+01
1.4032E+01	5.2871E+01
1.3779E+01	4.7104E+01
1.3472E+01	4.3478E+01
1.3216E+01	4.2008E+01
1.3064E+01	3.7688E+01
1.3118E+01	3.4830E+01
1.3121E+01	3.0532E+01
1.2762E+01	2.7615E+01
1.2302E+01	2.3251E+01
1.1739E+01	1.8155E+01
1.1123E+01	1.3769E+01
1.0405E+01	8.6513E+00
9.2779E+00	-1.0708E-01
8.6095E+00	-2.3521E+00
7.8385E+00	-5.3281E+00
6.9649E+00	-9.0353E+00
5.8342E+00	-1.3496E+01
5.1158E+00	-1.7897E+01
3.3666E+00	-2.2446E+01
1.9830E+00	-3.3390E+01
-1.7216E-01	-4.6594E+01
-3.4028E+00	-6.9265E+01
-4.8374E+00	-8.0933E+01
-6.0670E+00	-9.1139E+01
-7.7110E+00	-9.8539E+01
-9.5021E+00	-1.1599E+02
-1.1245E+01	-1.2913E+02
-1.2631E+01	-1.3650E+02
-1.3657E+01	-1.4309E+02
-1.4221E+01	-1.4747E+02
-1.5043E+01	-1.5189E+02
-1.5916E+01	-1.5559E+02
-1.6996E+01	-1.5861E+02
-1.8026E+01	-1.6091E+02
-1.8591E+01	-1.6314E+02
-1.9209E+01	-1.6323E+02
-1.9215E+01	-1.5535E+02
-1.9171E+01	-1.4531E+02
-1.9124E+01	-1.3958E+02
-1.8972E+01	-1.3597E+02
-1.8770E+01	-1.2950E+02
-1.8569E+01	-1.2302E+02
-1.8218E+01	-1.1007E+02
-1.8123E+01	-9.9314E+01
-1.7560E+01	-9.3502E+01
-1.6743E+01	-8.2639E+01
-1.6439E+01	-7.5432E+01
-1.5982E+01	-6.6769E+01
-1.5471E+01	-6.0249E+01
-1.4908E+01	-5.5153E+01
-1.4449E+01	-4.8640E+01
-1.3939E+01	-4.0686E+01
-1.3430E+01	-3.2733E+01
5.5149E+00	6.9561E+01
-1.2563E+01	-2.0430E+01
-1.2565E+01	-1.7565E+01
-1.2152E+01	-1.8222E+01
-1.1999E+01	-1.5334E+01
-1.1590E+01	-1.0977E+01
-1.1333E+01	-1.0941E+01
-1.1077E+01	-8.0383E+00
-1.0617E+01	-2.9576E+00
-1.0462E+01	-2.9354E+00
-1.0103E+01	-1.4511E+00
-9.2806E+00	2.2487E+00
-8.1498E+00	6.7091E+00
-6.9671E+00	1.0461E+01
-5.7832E+00	1.2779E+01
-3.7869E+00	3.1692E+01
-4.2460E+00	2.5178E+01
-3.4251E+00	3.0311E+01
-2.5510E+00	3.3302E+01
-9.5909E-01	4.1410E+01
-5.5260E-01	4.9349E+01
2.6780E-01	5.5197E+01
1.0361E+00	6.1755E+01
1.6525E+00	6.4709E+01
2.9405E+00	6.5610E+01
4.3815E+00	6.8682E+01
4.9958E+00	7.4501E+01
1.2285E+01	1.1566E+02
6.5887E+00	8.1177E+01
6.9474E+00	8.4094E+01
7.4076E+00	8.9175E+01
7.7641E+00	9.4957E+01
8.3773E+00	1.0221E+02
9.2471E+00	1.1093E+02
1.0275E+01	1.1466E+02
1.0738E+01	1.1616E+02
1.1199E+01	1.2052E+02
1.2022E+01	1.2279E+02
1.2482E+01	1.2787E+02
1.3098E+01	1.3154E+02
1.3974E+01	1.3167E+02
1.4436E+01	1.3460E+02
1.4586E+01	1.4107E+02
1.5100E+01	1.4186E+02
1.5512E+01	1.4263E+02
1.6025E+01	1.4629E+02
1.6591E+01	1.4780E+02
1.7362E+01	1.5006E+02
1.8186E+01	1.5161E+02
1.9062E+01	1.5174E+02
1.9528E+01	1.4966E+02
1.9327E+01	1.4246E+02
1.9073E+01	1.3670E+02
1.8874E+01	1.2735E+02
1.8570E+01	1.2086E+02
1.8010E+01	1.1147E+02
1.7756E+01	1.0570E+02
1.7401E+01	9.7771E+01
1.6791E+01	8.6221E+01
1.6489E+01	7.6148E+01
1.5361E+01	6.8106E+01
1.5057E+01	6.0898E+01
1.4497E+01	5.1505E+01
1.3987E+01	4.4984E+01
1.3427E+01	3.5591E+01
1.2554E+01	3.1167E+01
1.2095E+01	2.4654E+01
1.1635E+01	1.8857E+01
1.1271E+01	2.3103E+01
1.0764E+01	1.2285E+01
9.2768E+00	1.3256E+00
7.8385E+00	-5.3281E+00
6.1472E+00	-1.8466E+01
4.8613E+00	-2.2232E+01
4.1945E+00	-2.6626E+01
3.3735E+00	-3.1758E+01
2.6546E+00	-3.5443E+01
2.0372E+00	-3.6964E+01
1.2147E+00	-3.9948E+01
2.9224E-01	-4.7244E+01
-1.4532E+00	-5.6807E+01
-4.5329E+00	-7.4442E+01
-5.5074E+00	-8.1029E+01
-6.6897E+00	-8.5497E+01
-7.3587E+00	-8.7026E+01
-7.6653E+00	-9.0652E+01
-8.3847E+00	-9.3620E+01
-9.1036E+00	-9.7305E+01
-1.0132E+01	-1.0103E+02
-1.0800E+01	-1.0328E+02
-1.1054E+01	-1.0833E+02
-1.1722E+01	-1.1201E+02
-1.2131E+01	-1.1637E+02
-1.3107E+01	-1.2080E+02
-1.3774E+01	-1.2520E+02
-1.4336E+01	-1.3101E+02
-1.5107E+01	-1.3470E+02
-1.5929E+01	-1.3769E+02
-1.6699E+01	-1.4209E+02
-1.7262E+01	-1.4791E+02
-1.7725E+01	-1.4940E+02
-1.8084E+01	-1.5089E+02
-1.8494E+01	-1.5453E+02
-1.9112E+01	-1.5605E+02
-1.9576E+01	-1.5540E+02
-1.9735E+01	-1.4898E+02
-1.9690E+01	-1.4109E+02
-1.9284E+01	-1.3243E+02
-1.9030E+01	-1.2738E+02
-1.8932E+01	-1.2021E+02
-1.8629E+01	-1.1228E+02
-1.8482E+01	-1.0151E+02
-1.8230E+01	-9.4314E+01
-1.7616E+01	-8.7063E+01
-1.6953E+01	-7.8371E+01
-1.6699E+01	-7.3320E+01
-1.6649E+01	-7.0447E+01
-1.6244E+01	-6.1076E+01
-1.5577E+01	-5.6682E+01
-1.5271E+01	-5.2339E+01
-1.4916E+01	-4.4408E+01
-1.4506E+01	-4.0768E+01
-1.3995E+01	-3.5679E+01
-1.3277E+01	-2.9846E+01
-1.2510E+01	-2.2572E+01
-1.1843E+01	-1.8178E+01
-1.0972E+01	-1.0173E+01
-7.8443E+00	1.1768E+01
-6.6111E+00	1.6959E+01
-5.0159E+00	2.0770E+01
-4.4017E+00	2.6589E+01
-3.2737E+00	3.4631E+01
-2.7088E+00	3.7577E+01
-2.4527E+00	3.9763E+01
-1.6849E+00	4.7037E+01
-1.0159E+00	4.8566E+01
-4.1450E-02	5.5153E+01
1.4511E+00	5.8233E+01
3.9203E+00	6.5034E+01
5.7651E+00	7.9626E+01
6.5866E+00	8.4042E+01
7.8188E+00	9.0666E+01
8.2816E+00	9.2166E+01
8.4851E+00	9.5777E+01
8.9989E+00	9.7999E+01
9.4617E+00	9.9499E+01
9.8719E+00	1.0242E+02
1.0231E+01	1.0462E+02
1.0540E+01	1.0538E+02
1.0694E+01	1.0612E+02
1.0897E+01	1.1045E+02
1.1103E+01	1.1048E+02
1.1670E+01	1.1128E+02
1.2644E+01	1.1786E+02
1.3361E+01	1.2441E+02
1.3825E+01	1.2448E+02
1.4495E+01	1.2386E+02
1.4955E+01	1.2966E+02
1.5674E+01	1.3334E+02
1.6394E+01	1.3560E+02
1.7113E+01	1.3856E+02
1.7626E+01	1.4222E+02
1.7880E+01	1.4655E+02
1.8755E+01	1.4955E+02
1.9064E+01	1.4959E+02
1.9018E+01	1.4170E+02
1.8922E+01	1.3166E+02
1.8419E+01	1.1511E+02
1.7913E+01	1.0214E+02
1.7506E+01	9.5636E+01
1.7201E+01	8.9145E+01
1.6693E+01	7.9759E+01
1.6490E+01	7.5432E+01
1.6030E+01	7.0351E+01
1.5672E+01	6.6001E+01
1.5676E+01	6.0987E+01
1.5471E+01	5.9525E+01
1.4650E+01	5.3676E+01
1.2965E+01	3.2659E+01
1.1891E+01	2.1759E+01
1.0457E+01	8.6586E+00
8.5590E+00	-3.7921E+00
7.3789E+00	-1.1125E+01
-7.7428E+00	1.3931E+01
5.2232E+00	-2.3613E+01
4.6063E+00	-2.5850E+01
3.8358E+00	-2.9543E+01
3.1684E+00	-3.3220E+01
2.6047E+00	-3.7600E+01
2.0919E+00	-4.1255E+01
1.6812E+00	-4.3463E+01
1.2715E+00	-4.7104E+01
6.5781E-01	-5.3639E+01
-1.6472E-01	-5.6623E+01
-2.8422E+00	-6.0588E+01
-3.9214E+00	-6.5041E+01
-5.1525E+00	-7.3098E+01
-6.2848E+00	-7.5409E+01
-7.0037E+00	-7.9094E+01
-7.8773E+00	-8.2802E+01
-8.4421E+00	-8.5748E+01
-8.8029E+00	-8.5800E+01
-9.5234E+00	-8.7336E+01
-9.8284E+00	-9.3111E+01
-1.0189E+01	-9.3879E+01
-1.0652E+01	-9.4662E+01
-1.1010E+01	-9.8295E+01
-1.1369E+01	-1.0050E+02
-1.2141E+01	-1.0204E+02
-1.2552E+01	-1.0425E+02
-1.2702E+01	-1.1000E+02
-1.3268E+01	-1.1151E+02
-1.3936E+01	-1.1447E+02
-1.4344E+01	-1.2026E+02
-1.5373E+01	-1.2328E+02
-1.5988E+01	-1.2766E+02
-1.6503E+01	-1.2845E+02
-1.6759E+01	-1.3064E+02
-1.7013E+01	-1.3569E+02
-1.7681E+01	-1.3865E+02
-1.8091E+01	-1.4229E+02
-1.8502E+01	-1.4450E+02
-1.9066E+01	-1.4745E+02
-1.9582E+01	-1.4681E+02
-1.9845E+01	-1.3968E+02
-1.9852E+01	-1.3108E+02
-1.9548E+01	-1.2388E+02
-1.9196E+01	-1.1165E+02
-1.8947E+01	-9.9432E+01
-1.8796E+01	-9.4396E+01
-1.8338E+01	-8.6450E+01
-1.7827E+01	-8.0645E+01
-1.7316E+01	-7.4841E+01
-1.6961E+01	-6.7626E+01
-1.6604E+01	-6.2560E+01
-1.5837E+01	-5.3137E+01
-1.5276E+01	-4.5893E+01
-1.4663E+01	-3.8641E+01
-1.3894E+01	-3.2799E+01
-1.2765E+01	-2.5474E+01
-1.1131E+01	-5.1804E+00
-1.0206E+01	-7.4955E-01
-8.7678E+00	5.9041E+00
-7.8980E+00	1.4626E+01
-6.9230E+00	2.0496E+01
-5.2768E+00	2.5031E+01
-4.4028E+00	2.8021E+01
-1.3114E+00	2.9897E+01
-3.4006E-01	4.0782E+01
1.2035E+00	4.4585E+01
2.5909E+00	5.0515E+01
3.9267E+00	5.6438E+01
4.6939E+00	6.4428E+01
6.0797E+00	7.2507E+01
6.6451E+00	7.4737E+01
7.1057E+00	7.9102E+01
7.7726E+00	8.3496E+01
8.4931E+00	8.5032E+01
9.0053E+00	8.9404E+01
9.9809E+00	9.4558E+01
1.0494E+01	9.8214E+01
1.1109E+01	1.0260E+02
1.1467E+01	1.0623E+02
1.2032E+01	1.0846E+02
1.2956E+01	1.1361E+02
1.3880E+01	1.1947E+02
1.4342E+01	1.2241E+02
1.5010E+01	1.2465E+02
1.5369E+01	1.2685E+02
1.5368E+01	1.2900E+02
1.5779E+01	1.2978E+02
1.6190E+01	1.3270E+02
1.6756E+01	1.3350E+02
1.7267E+01	1.3930E+02
1.7679E+01	1.4079E+02
1.8295E+01	1.4303E+02
1.9117E+01	1.4745E+02
1.9992E+01	1.4901E+02
2.0816E+01	1.4984E+02
2.1279E+01	1.5134E+02
2.1688E+01	1.5641E+02
2.2255E+01	1.5578E+02
2.2724E+01	1.4868E+02
2.2681E+01	1.3793E+02
2.2433E+01	1.2428E+02
2.1769E+01	1.1631E+02
2.1413E+01	1.0909E+02
2.1005E+01	1.0402E+02
2.0908E+01	9.5407E+01
2.0655E+01	8.8924E+01
2.0347E+01	8.7447E+01
1.9894E+01	7.2337E+01
2.0156E+01	6.6644E+01
1.9236E+01	5.6482E+01
1.8467E+01	5.1357E+01
1.7747E+01	4.9105E+01
1.7544E+01	4.4061E+01
1.6724E+01	3.8212E+01
1.5851E+01	3.3073E+01
1.5291E+01	2.3679E+01
1.4626E+01	1.6420E+01
1.3705E+01	8.4076E+00
1.2885E+01	1.8425E+00
1.2010E+01	2.8431E-01
1.1188E+01	-4.1318E+00
1.0261E+01	-5.6973E+00
9.2843E+00	-8.7029E+00
8.2551E+00	-1.1000E+01
7.5866E+00	-1.3245E+01
6.3528E+00	-1.7720E+01
4.1413E+00	-2.4484E+01
2.0856E+00	-3.2659E+01
-8.4697E-01	-4.0243E+01
-1.9240E+00	-4.7562E+01
-2.8953E+00	-5.8447E+01
-3.9713E+00	-6.7198E+01
-6.5919E+00	-7.8319E+01
-7.8241E+00	-8.4943E+01
-8.6977E+00	-8.8650E+01
-9.2641E+00	-8.9448E+01
-1.0238E+01	-9.6751E+01
-1.2142E+01	-1.0132E+02
-1.2498E+01	-1.0710E+02
-1.2599E+01	-1.1070E+02
-1.3368E+01	-1.1583E+02
-1.3934E+01	-1.1806E+02
-1.4861E+01	-1.1891E+02
-1.5734E+01	-1.2261E+02
-1.6659E+01	-1.2704E+02
-1.7431E+01	-1.2859E+02
-1.8202E+01	-1.3085E+02
-1.8870E+01	-1.3452E+02
-1.9795E+01	-1.3824E+02
-2.0359E+01	-1.4190E+02
-2.1080E+01	-1.4272E+02
-2.1492E+01	-1.4350E+02
-2.1750E+01	-1.4353E+02
-2.2005E+01	-1.4715E+02
-2.2571E+01	-1.4795E+02
-2.2932E+01	-1.4800E+02
-2.3090E+01	-1.4373E+02
-2.3249E+01	-1.3730E+02
-2.3255E+01	-1.3014E+02
-2.3004E+01	-1.2007E+02
-2.2750E+01	-1.1502E+02
-2.2447E+01	-1.0710E+02
-2.2194E+01	-9.9897E+01
-2.2046E+01	-9.1996E+01
-2.1997E+01	-8.8407E+01
-2.1332E+01	-8.1147E+01
-2.0823E+01	-7.2478E+01
-2.0567E+01	-6.9576E+01
-2.0215E+01	-5.8779E+01
-1.9756E+01	-5.2266E+01
-1.9039E+01	-4.5715E+01
-1.8478E+01	-3.7038E+01
-1.8018E+01	-3.1958E+01
-1.7403E+01	-2.6855E+01
-1.7045E+01	-2.3938E+01
-1.6582E+01	-2.1722E+01
-1.6276E+01	-1.8096E+01
-1.5456E+01	-1.0815E+01
-1.3865E+01	-1.9902E+00
-1.3146E+01	9.7848E-01
-1.1601E+01	4.0653E+00
-9.7508E+00	1.0778E+01
-2.0834E+00	2.8354E+01
-5.4304E+00	2.3576E+01
-4.1971E+00	2.8767E+01
-1.4708E+00	3.6322E+01
1.1902E-01	4.7296E+01
1.6594E+00	5.5397E+01
4.1286E+00	6.2198E+01
5.7216E+00	6.8874E+01
6.7497E+00	7.2603E+01
7.4182E+00	7.4848E+01
8.1876E+00	7.9973E+01
8.7519E+00	8.3636E+01
9.8820E+00	8.8813E+01
1.0600E+01	9.3214E+01
1.1320E+01	9.6183E+01
1.1886E+01	9.7697E+01
1.2605E+01	1.0067E+02
1.3272E+01	1.0578E+02
1.3734E+01	1.0727E+02
1.4557E+01	1.1026E+02
1.5324E+01	1.1825E+02
1.5941E+01	1.2049E+02
1.6558E+01	1.2272E+02
1.7482E+01	1.2787E+02
1.8409E+01	1.2872E+02
1.9076E+01	1.3311E+02
1.9692E+01	1.3607E+02
2.0206E+01	1.3829E+02
2.0410E+01	1.4119E+02
2.0719E+01	1.4195E+02
2.1029E+01	1.4127E+02
2.1647E+01	1.4136E+02
2.2107E+01	1.4644E+02
2.2518E+01	1.4937E+02
2.2828E+01	1.4726E+02
2.3191E+01	1.4517E+02
1.7388E+01	4.5472E+01
2.2687E+01	1.3005E+02
2.2126E+01	1.2066E+02
2.1875E+01	1.1274E+02
2.1623E+01	1.0411E+02
2.1217E+01	9.6168E+01
2.0397E+01	8.8887E+01
1.9732E+01	8.3060E+01
1.9274E+01	7.5114E+01
1.8765E+01	6.6444E+01
1.8411E+01	5.7081E+01
1.8054E+01	5.2015E+01
1.7801E+01	4.4814E+01
1.7908E+01	4.0531E+01
1.7704E+01	3.7636E+01
1.7088E+01	3.3966E+01
1.6625E+01	3.1751E+01
1.6370E+01	2.8849E+01
1.6218E+01	2.4528E+01
1.5860E+01	2.0895E+01
1.5297E+01	1.5800E+01
1.4733E+01	1.2137E+01
1.4168E+01	9.1903E+00
1.3860E+01	7.7134E+00
1.3968E+01	5.6493E-01
1.3197E+01	-1.6948E+00
1.1759E+01	-9.0648E+00
1.0265E+01	-1.0712E+01
9.0818E+00	-1.3747E+01
8.1036E+00	-1.5320E+01
6.9182E+00	-1.5490E+01
5.6350E+00	-2.2837E+01
3.8836E+00	-2.4521E+01
3.7285E+00	-2.3827E+01
2.1344E+00	-2.9070E+01
4.3836E-01	-3.5761E+01
-1.3050E+00	-4.8189E+01
-2.8486E+00	-5.1992E+01
-4.6477E+00	-5.8698E+01
-5.3666E+00	-6.2383E+01
-6.3438E+00	-6.5388E+01
-7.2189E+00	-6.6947E+01
-8.0420E+00	-6.9214E+01
-8.7598E+00	-7.4331E+01
-9.9437E+00	-7.6650E+01
-1.0559E+01	-8.1037E+01
-1.1176E+01	-8.2558E+01
-1.1589E+01	-8.2617E+01
-1.1950E+01	-8.2669E+01
-1.2205E+01	-8.5571E+01
-1.2615E+01	-8.8495E+01
-1.3079E+01	-8.9278E+01
-1.3592E+01	-9.1501E+01
-1.4208E+01	-9.5887E+01
-1.4877E+01	-9.6700E+01
-1.5237E+01	-9.8184E+01
-1.5750E+01	-1.0184E+02
-1.6726E+01	-1.0628E+02
-1.7545E+01	-1.1356E+02
-1.8623E+01	-1.1944E+02
-1.9549E+01	-1.2244E+02
-2.0526E+01	-1.2545E+02
-2.1193E+01	-1.2984E+02
-2.1914E+01	-1.3066E+02
-2.2529E+01	-1.3505E+02
-2.3147E+01	-1.3657E+02
-2.3506E+01	-1.3805E+02
-2.3713E+01	-1.3808E+02
-2.3721E+01	-1.2734E+02
-2.3521E+01	-1.1871E+02
-2.3220E+01	-1.0721E+02
-2.2814E+01	-9.8553E+01
-2.2358E+01	-8.7742E+01
-2.1953E+01	-7.8371E+01
-2.1701E+01	-6.9738E+01
-2.1397E+01	-6.2530E+01
-2.1089E+01	-6.1770E+01
-2.0989E+01	-5.6741E+01
-2.0529E+01	-5.1660E+01
-2.0018E+01	-4.5856E+01
-1.9815E+01	-4.1528E+01
-1.9252E+01	-3.6433E+01
-1.8792E+01	-3.1352E+01
-1.8380E+01	-2.9860E+01
-1.8077E+01	-2.2653E+01
-1.7768E+01	-2.1176E+01
-1.7357E+01	-1.9684E+01
-1.6689E+01	-1.7439E+01
-1.6281E+01	-1.1649E+01
-1.6025E+01	-8.7473E+00
-1.5098E+01	-7.1817E+00
-1.3454E+01	2.1785E-01
-1.2220E+01	3.9767E+00
-1.1037E+01	7.0118E+00
-1.0109E+01	7.8611E+00
-8.6684E+00	1.0933E+01
-7.5377E+00	1.5394E+01
-6.6631E+00	1.7668E+01
-4.8613E+00	2.0792E+01
-3.1137E+00	2.7490E+01
-3.8523E-01	3.2179E+01
5.9192E-01	3.5185E+01
1.6196E+00	3.9630E+01
2.2880E+00	4.1875E+01
2.6488E+00	4.1927E+01
4.0361E+00	4.7857E+01
5.1153E+00	5.2310E+01
5.7306E+00	5.6697E+01
6.4006E+00	5.6793E+01
7.7853E+00	6.6304E+01
8.7099E+00	7.0735E+01
9.3263E+00	7.3689E+01
9.9931E+00	7.8083E+01
1.0558E+01	8.1029E+01
1.1535E+01	8.4751E+01
1.2252E+01	9.0585E+01
1.2715E+01	9.2084E+01
1.3640E+01	9.5799E+01
1.4205E+01	9.8745E+01
1.4873E+01	1.0099E+02
1.5387E+01	1.0321E+02
1.5643E+01	1.0540E+02
1.5744E+01	1.0828E+02
1.6566E+01	1.1126E+02
1.7234E+01	1.1422E+02
1.8006E+01	1.1648E+02
1.8982E+01	1.2092E+02
1.9442E+01	1.2600E+02
2.0113E+01	1.2538E+02
2.0265E+01	1.2899E+02
2.0932E+01	1.3266E+02
2.1600E+01	1.3491E+02
2.2475E+01	1.3718E+02
2.2886E+01	1.3867E+02
2.3144E+01	1.3871E+02
2.3201E+01	1.3156E+02
2.3050E+01	1.2580E+02
2.2643E+01	1.1858E+02
2.2339E+01	1.1209E+02
2.2138E+01	1.0561E+02
2.1887E+01	9.5548E+01
2.1531E+01	8.9765E+01
2.0969E+01	8.2521E+01
2.0098E+01	7.5232E+01
1.9535E+01	7.0137E+01
1.9023E+01	6.5049E+01
1.8512E+01	5.9961E+01
1.7949E+01	5.4149E+01
1.7385E+01	5.0486E+01
1.6775E+01	3.8936E+01
1.6163E+01	3.0252E+01
1.5756E+01	2.3029E+01
1.5141E+01	1.7210E+01
1.4476E+01	1.0667E+01
1.3345E+01	6.9232E+00
1.2729E+01	3.2530E+00
1.0417E+01	-7.1078E+00
7.6387E+00	-1.3954E+01
5.3735E+00	-1.7860E+01
3.1089E+00	-2.2483E+01
1.2588E+00	-2.9912E+01
-5.9352E-01	-3.4476E+01
-2.3948E+00	-3.8316E+01
-3.9378E+00	-4.2835E+01
-5.4293E+00	-4.7347E+01
-6.1998E+00	-5.1040E+01
-6.7636E+00	-5.5419E+01
-7.4851E+00	-5.5522E+01
-7.9995E+00	-5.7029E+01
-8.4102E+00	-5.9237E+01
-8.9235E+00	-6.2176E+01
-9.7471E+00	-6.3727E+01
-1.0878E+01	-6.7471E+01
-1.1598E+01	-7.0440E+01
-1.2213E+01	-7.4826E+01
-1.3138E+01	-7.9257E+01
-1.4166E+01	-8.2270E+01
-1.4989E+01	-8.4537E+01
-1.5606E+01	-8.6775E+01
-1.6016E+01	-8.9699E+01
-1.6479E+01	-9.1914E+01
-1.7045E+01	-9.2712E+01
-1.7301E+01	-9.4898E+01
-1.7557E+01	-9.7800E+01
-1.8019E+01	-1.0002E+02
-1.8634E+01	-1.0512E+02
-1.9301E+01	-1.0951E+02
-1.9865E+01	-1.1318E+02
-2.0378E+01	-1.1611E+02
-2.0945E+01	-1.1691E+02
-2.1304E+01	-1.1911E+02
-2.1919E+01	-1.2350E+02
-2.2381E+01	-1.2643E+02
-2.2740E+01	-1.2863E+02
-2.3409E+01	-1.3088E+02
-2.3873E+01	-1.3023E+02
-2.3985E+01	-1.1806E+02
-2.3886E+01	-1.1303E+02
-2.3736E+01	-1.0585E+02
-2.2971E+01	-9.4994E+01
-2.2462E+01	-8.7040E+01
-2.1901E+01	-7.8363E+01
-2.1084E+01	-6.7500E+01
-2.0264E+01	-6.1652E+01
-1.9546E+01	-5.7250E+01
-1.8832E+01	-4.6402E+01
-1.8475E+01	-4.1336E+01
-1.7913E+01	-3.4808E+01
-1.7349E+01	-3.0429E+01
-1.6888E+01	-2.6065E+01
-1.6738E+01	-2.1028E+01
-1.6174E+01	-1.6649E+01
-1.5607E+01	-1.6568E+01
-1.5199E+01	-1.0778E+01
-1.4173E+01	-3.4672E+00
-1.3043E+01	9.9325E-01
-1.1963E+01	4.7299E+00
-1.0161E+01	7.8537E+00
-8.0521E+00	1.3887E+01
-6.9198E+00	1.6198E+01
-5.0144E+00	1.8621E+01
-4.5526E+00	2.1552E+01
-2.8512E+00	2.1080E+01
-1.2535E+00	2.1309E+01
1.5207E+00	3.3885E+01
2.4463E+00	3.6883E+01
3.2699E+00	3.8434E+01
4.1413E+00	4.5006E+01
4.8114E+00	4.5102E+01
5.8395E+00	4.8832E+01
6.3002E+00	5.3196E+01
6.8140E+00	5.5419E+01
7.7396E+00	5.8417E+01
8.8714E+00	6.1445E+01
9.5383E+00	6.5839E+01
1.0051E+01	6.9494E+01
1.0615E+01	7.3157E+01
1.1490E+01	7.4715E+01
1.2672E+01	8.0616E+01
1.3287E+01	8.4286E+01
1.4059E+01	8.6546E+01
1.4624E+01	8.9492E+01
1.5240E+01	9.2446E+01
1.5804E+01	9.6825E+01
1.6934E+01	1.0200E+02
1.7861E+01	1.0357E+02
1.8372E+01	1.0866E+02
1.9145E+01	1.0948E+02
1.9606E+01	1.1385E+02
2.0014E+01	1.1964E+02
2.0579E+01	1.2258E+02
2.1198E+01	1.2196E+02
2.1968E+01	1.2565E+02
2.2997E+01	1.2794E+02
2.3972E+01	1.3382E+02
2.4692E+01	1.3678E+02
2.5050E+01	1.4042E+02
2.5925E+01	1.4269E+02
2.6544E+01	1.4206E+02
2.6597E+01	1.3992E+02
2.7013E+01	1.3425E+02
2.6655E+01	1.3062E+02
2.6197E+01	1.2267E+02
2.5841E+01	1.1617E+02
2.5590E+01	1.0754E+02
2.5234E+01	1.0104E+02
2.4980E+01	9.5991E+01
2.4417E+01	9.0179E+01
2.4059E+01	8.6546E+01
2.3806E+01	8.0062E+01
2.3401E+01	7.0691E+01
2.2994E+01	6.2752E+01
2.2687E+01	6.0559E+01
2.2175E+01	5.5471E+01
2.1972E+01	5.0427E+01
2.1666E+01	4.6085E+01
2.1104E+01	4.0273E+01
2.0795E+01	3.8796E+01
2.0540E+01	3.5894E+01
2.0231E+01	3.5133E+01
2.0235E+01	2.9402E+01
1.9518E+01	2.4285E+01
1.8901E+01	2.1331E+01
1.8492E+01	1.7690E+01
1.8442E+01	1.4818E+01
1.7978E+01	1.4751E+01
1.7672E+01	1.1125E+01
1.7569E+01	1.0394E+01
1.7365E+01	7.4992E+00
1.6800E+01	4.5527E+00
1.5360E+01	4.8000E-02
1.4123E+01	-1.2923E-01
1.3713E+01	-2.3373E+00
1.2789E+01	-7.4845E+00
1.1192E+01	-9.8624E+00
1.0058E+01	-1.0025E+01
7.0218E+00	-1.6191E+01
5.3231E+00	-1.9300E+01
1.6684E+00	-2.6271E+01
1.7906E-01	-3.3649E+01
-2.1865E+00	-4.1152E+01
-3.6801E+00	-4.2798E+01
-4.6568E+00	-4.6520E+01
-6.0962E+00	-5.1741E+01
-6.8172E+00	-5.2561E+01
-7.8480E+00	-5.2709E+01
-8.7737E+00	-5.5707E+01
-9.4926E+00	-5.9392E+01
-1.0417E+01	-6.3823E+01
-1.1034E+01	-6.6060E+01
-1.1343E+01	-6.6821E+01
-1.2116E+01	-6.6932E+01
-1.2732E+01	-6.9886E+01
-1.4070E+01	-7.2943E+01
-1.4840E+01	-7.8068E+01
-1.5713E+01	-8.2491E+01
-1.6379E+01	-8.7602E+01
-1.7150E+01	-9.0578E+01
-1.8331E+01	-9.7195E+01
-1.9410E+01	-1.0165E+02
-2.0178E+01	-1.0821E+02
-2.1101E+01	-1.1407E+02
-2.1821E+01	-1.1704E+02
-2.2282E+01	-1.2069E+02
-2.2798E+01	-1.2004E+02
-2.3311E+01	-1.2370E+02
-2.4338E+01	-1.2814E+02
-2.5005E+01	-1.3325E+02
-2.6036E+01	-1.3340E+02
-2.6652E+01	-1.3636E+02
-2.7063E+01	-1.3785E+02
-2.7016E+01	-1.3211E+02
-2.7026E+01	-1.1922E+02
-2.7083E+01	-1.1134E+02
-2.7091E+01	-1.0060E+02
-2.6785E+01	-9.6257E+01
-2.6120E+01	-8.8997E+01
-2.5765E+01	-8.1066E+01
-2.5305E+01	-7.5986E+01
-2.4897E+01	-6.9480E+01
-2.4384E+01	-6.7257E+01
-2.4182E+01	-6.0780E+01
-2.3878E+01	-5.4289E+01
-2.3264E+01	-4.7754E+01
-2.2752E+01	-4.3382E+01
-2.2138E+01	-3.7563E+01
-2.1573E+01	-3.3900E+01
-2.1268E+01	-2.8125E+01
-2.0705E+01	-2.3746E+01
-2.0345E+01	-2.1545E+01
-1.9934E+01	-2.0770E+01
-1.9578E+01	-1.4271E+01
-1.8862E+01	-6.2881E+00
-1.7782E+01	-2.5514E+00
