0.000E+00	0.000E+00
7.500E-02	1.449E+01
1.500E-01	2.691E+01
2.250E-01	3.533E+01
3.000E-01	4.040E+01
3.750E-01	4.462E+01
4.500E-01	4.782E+01
5.250E-01	5.091E+01
6.000E-01	5.395E+01
6.750E-01	5.690E+01
7.500E-01	5.984E+01
8.250E-01	6.276E+01
9.000E-01	6.567E+01
9.750E-01	6.856E+01
1.050E+00	7.133E+01
1.125E+00	7.392E+01
1.200E+00	7.640E+01
1.275E+00	7.887E+01
1.350E+00	8.129E+01
1.425E+00	8.350E+01
1.500E+00	8.569E+01
1.575E+00	8.787E+01
1.650E+00	9.002E+01
1.725E+00	9.214E+01
1.800E+00	9.423E+01
1.875E+00	9.624E+01
1.950E+00	9.821E+01
2.025E+00	1.001E+02
2.100E+00	1.020E+02
2.175E+00	1.039E+02
2.250E+00	1.057E+02
2.325E+00	1.074E+02
2.400E+00	1.091E+02
2.475E+00	1.108E+02
2.550E+00	1.125E+02
2.625E+00	1.142E+02
2.700E+00	1.159E+02
2.775E+00	1.175E+02
2.850E+00	1.192E+02
2.925E+00	1.208E+02
3.000E+00	1.224E+02
3.075E+00	1.238E+02
3.150E+00	1.253E+02
3.225E+00	1.267E+02
3.300E+00	1.281E+02
3.375E+00	1.294E+02
3.450E+00	1.307E+02
3.525E+00	1.320E+02
3.600E+00	1.332E+02
3.675E+00	1.344E+02
3.750E+00	1.356E+02
3.825E+00	1.368E+02
3.900E+00	1.380E+02
3.975E+00	1.392E+02
4.050E+00	1.403E+02
4.125E+00	1.413E+02
4.200E+00	1.424E+02
4.275E+00	1.435E+02
4.350E+00	1.445E+02
4.425E+00	1.456E+02
4.500E+00	1.466E+02
4.575E+00	1.476E+02
4.650E+00	1.486E+02
4.725E+00	1.496E+02
4.800E+00	1.506E+02
4.875E+00	1.516E+02
4.950E+00	1.525E+02
5.025E+00	1.535E+02
5.100E+00	1.544E+02
5.175E+00	1.553E+02
5.250E+00	1.562E+02
5.325E+00	1.571E+02
5.400E+00	1.580E+02
5.475E+00	1.589E+02
5.550E+00	1.597E+02
5.625E+00	1.606E+02
5.700E+00	1.614E+02
5.775E+00	1.622E+02
5.850E+00	1.631E+02
5.925E+00	1.639E+02
6.000E+00	1.647E+02
6.075E+00	1.654E+02
6.150E+00	1.662E+02
6.225E+00	1.670E+02
6.300E+00	1.677E+02
6.375E+00	1.685E+02
6.450E+00	1.692E+02
6.525E+00	1.699E+02
6.600E+00	1.706E+02
6.675E+00	1.714E+02
6.750E+00	1.720E+02
6.825E+00	1.727E+02
6.900E+00	1.734E+02
6.975E+00	1.741E+02
7.050E+00	1.747E+02
7.125E+00	1.754E+02
7.200E+00	1.760E+02
7.275E+00	1.766E+02
7.350E+00	1.772E+02
7.425E+00	1.778E+02
7.500E+00	1.784E+02
7.575E+00	1.790E+02
7.650E+00	1.796E+02
7.725E+00	1.801E+02
7.800E+00	1.807E+02
7.875E+00	1.812E+02
7.950E+00	1.817E+02
8.025E+00	1.823E+02
8.100E+00	1.828E+02
8.175E+00	1.833E+02
8.250E+00	1.837E+02
8.325E+00	1.842E+02
8.400E+00	1.846E+02
8.475E+00	1.851E+02
8.550E+00	1.855E+02
8.625E+00	1.859E+02
8.700E+00	1.863E+02
8.775E+00	1.868E+02
8.850E+00	1.871E+02
8.925E+00	1.875E+02
9.000E+00	1.879E+02
9.075E+00	1.883E+02
9.150E+00	1.887E+02
9.225E+00	1.890E+02
9.300E+00	1.894E+02
9.375E+00	1.897E+02
9.450E+00	1.900E+02
9.525E+00	1.904E+02
9.600E+00	1.907E+02
9.675E+00	1.910E+02
9.750E+00	1.913E+02
9.825E+00	1.916E+02
9.900E+00	1.919E+02
9.975E+00	1.922E+02
1.005E+01	1.925E+02
1.013E+01	1.927E+02
1.020E+01	1.930E+02
1.028E+01	1.932E+02
1.035E+01	1.935E+02
1.043E+01	1.937E+02
1.050E+01	1.940E+02
1.058E+01	1.942E+02
1.065E+01	1.944E+02
1.073E+01	1.946E+02
1.080E+01	1.948E+02
1.088E+01	1.950E+02
1.095E+01	1.952E+02
1.103E+01	1.954E+02
1.110E+01	1.956E+02
1.118E+01	1.957E+02
1.125E+01	1.959E+02
1.133E+01	1.961E+02
1.140E+01	1.962E+02
1.148E+01	1.963E+02
1.155E+01	1.965E+02
1.163E+01	1.966E+02
1.170E+01	1.967E+02
1.178E+01	1.968E+02
1.185E+01	1.969E+02
1.193E+01	1.970E+02
1.200E+01	1.971E+02
1.208E+01	1.972E+02
1.215E+01	1.972E+02
1.223E+01	1.973E+02
1.230E+01	1.973E+02
1.238E+01	1.974E+02
1.245E+01	1.974E+02
1.253E+01	1.974E+02
1.260E+01	1.975E+02
1.268E+01	1.975E+02
1.275E+01	1.975E+02
1.283E+01	1.975E+02
1.290E+01	1.974E+02
1.298E+01	1.974E+02
1.305E+01	1.974E+02
1.313E+01	1.973E+02
1.320E+01	1.973E+02
1.328E+01	1.972E+02
1.335E+01	1.972E+02
1.343E+01	1.971E+02
1.350E+01	1.970E+02
1.358E+01	1.969E+02
1.365E+01	1.968E+02
1.373E+01	1.967E+02
1.380E+01	1.966E+02
1.388E+01	1.965E+02
1.395E+01	1.963E+02
1.403E+01	1.962E+02
1.410E+01	1.961E+02
1.418E+01	1.959E+02
1.425E+01	1.957E+02
1.433E+01	1.956E+02
1.440E+01	1.954E+02
1.448E+01	1.952E+02
1.455E+01	1.950E+02
1.463E+01	1.948E+02
1.470E+01	1.946E+02
1.478E+01	1.944E+02
1.485E+01	1.942E+02
1.493E+01	1.940E+02
1.500E+01	1.938E+02
1.508E+01	1.936E+02
1.515E+01	1.933E+02
1.523E+01	1.931E+02
1.530E+01	1.928E+02
1.538E+01	1.926E+02
1.545E+01	1.923E+02
1.553E+01	1.921E+02
1.560E+01	1.918E+02
1.568E+01	1.915E+02
1.575E+01	1.913E+02
1.583E+01	1.910E+02
1.590E+01	1.907E+02
1.598E+01	1.904E+02
1.605E+01	1.901E+02
1.613E+01	1.898E+02
1.620E+01	1.895E+02
1.628E+01	1.892E+02
1.635E+01	1.889E+02
1.643E+01	1.886E+02
1.650E+01	1.883E+02
1.658E+01	1.879E+02
1.665E+01	1.876E+02
1.673E+01	1.873E+02
1.680E+01	1.869E+02
1.688E+01	1.866E+02
1.695E+01	1.862E+02
1.703E+01	1.859E+02
1.710E+01	1.856E+02
1.718E+01	1.852E+02
1.725E+01	1.849E+02
1.733E+01	1.845E+02
1.740E+01	1.841E+02
1.748E+01	1.838E+02
1.755E+01	1.834E+02
1.762E+01	1.831E+02
1.770E+01	1.827E+02
1.777E+01	1.823E+02
1.785E+01	1.819E+02
1.792E+01	1.816E+02
1.800E+01	1.812E+02
1.807E+01	1.808E+02
1.815E+01	1.804E+02
1.822E+01	1.800E+02
1.830E+01	1.796E+02
1.837E+01	1.792E+02
1.845E+01	1.788E+02
1.852E+01	1.784E+02
1.860E+01	1.780E+02
1.867E+01	1.776E+02
1.875E+01	1.771E+02
1.882E+01	1.767E+02
1.890E+01	1.763E+02
1.897E+01	1.759E+02
1.905E+01	1.754E+02
1.912E+01	1.750E+02
1.920E+01	1.745E+02
1.927E+01	1.741E+02
1.935E+01	1.736E+02
1.942E+01	1.732E+02
1.950E+01	1.727E+02
1.957E+01	1.723E+02
1.965E+01	1.718E+02
1.972E+01	1.713E+02
1.980E+01	1.709E+02
1.987E+01	1.704E+02
1.995E+01	1.699E+02
2.002E+01	1.694E+02
2.010E+01	1.689E+02
2.017E+01	1.685E+02
2.025E+01	1.680E+02
2.032E+01	1.674E+02
2.040E+01	1.669E+02
2.047E+01	1.664E+02
2.055E+01	1.659E+02
2.062E+01	1.654E+02
2.070E+01	1.648E+02
2.077E+01	1.643E+02
2.085E+01	1.638E+02
2.092E+01	1.632E+02
2.100E+01	1.627E+02
2.107E+01	1.621E+02
2.115E+01	1.615E+02
2.122E+01	1.610E+02
2.130E+01	1.604E+02
2.137E+01	1.598E+02
2.145E+01	1.592E+02
2.152E+01	1.587E+02
2.160E+01	1.581E+02
2.167E+01	1.575E+02
2.175E+01	1.569E+02
2.182E+01	1.563E+02
2.190E+01	1.557E+02
2.197E+01	1.551E+02
2.205E+01	1.544E+02
2.212E+01	1.538E+02
2.220E+01	1.532E+02
2.227E+01	1.525E+02
2.235E+01	1.519E+02
2.242E+01	1.513E+02
2.250E+01	1.506E+02
2.257E+01	1.500E+02
2.265E+01	1.493E+02
2.272E+01	1.486E+02
2.280E+01	1.480E+02
2.287E+01	1.473E+02
2.295E+01	1.466E+02
2.302E+01	1.459E+02
2.310E+01	1.453E+02
2.317E+01	1.446E+02
2.325E+01	1.439E+02
2.332E+01	1.432E+02
2.340E+01	1.425E+02
2.347E+01	1.418E+02
2.355E+01	1.411E+02
2.362E+01	1.404E+02
2.370E+01	1.397E+02
2.377E+01	1.390E+02
2.385E+01	1.383E+02
2.392E+01	1.375E+02
2.400E+01	1.368E+02
2.407E+01	1.361E+02
2.415E+01	1.354E+02
2.422E+01	1.347E+02
2.430E+01	1.340E+02
2.437E+01	1.332E+02
2.445E+01	1.325E+02
2.452E+01	1.318E+02
2.460E+01	1.311E+02
2.467E+01	1.304E+02
2.475E+01	1.296E+02
2.482E+01	1.289E+02
2.490E+01	1.282E+02
2.497E+01	1.275E+02
2.505E+01	1.268E+02
2.512E+01	1.260E+02
2.520E+01	1.253E+02
2.527E+01	1.246E+02
2.535E+01	1.239E+02
2.542E+01	1.231E+02
2.550E+01	1.224E+02
2.557E+01	1.217E+02
2.565E+01	1.210E+02
2.572E+01	1.203E+02
2.580E+01	1.195E+02
2.587E+01	1.188E+02
2.595E+01	1.181E+02
2.602E+01	1.174E+02
2.610E+01	1.167E+02
2.617E+01	1.160E+02
2.625E+01	1.152E+02
2.632E+01	1.145E+02
2.640E+01	1.138E+02
2.647E+01	1.131E+02
2.655E+01	1.124E+02
2.662E+01	1.117E+02
2.670E+01	1.109E+02
2.677E+01	1.102E+02
2.685E+01	1.095E+02
2.692E+01	1.088E+02
2.700E+01	1.081E+02
2.707E+01	1.074E+02
2.715E+01	1.067E+02
2.722E+01	1.060E+02
2.730E+01	1.053E+02
2.737E+01	1.045E+02
2.745E+01	1.038E+02
2.752E+01	1.031E+02
2.760E+01	1.024E+02
2.767E+01	1.017E+02
2.775E+01	1.010E+02
2.782E+01	1.003E+02
2.790E+01	9.963E+01
2.797E+01	9.894E+01
2.805E+01	9.824E+01
2.812E+01	9.755E+01
2.820E+01	9.686E+01
2.827E+01	9.617E+01
2.835E+01	9.548E+01
2.842E+01	9.479E+01
2.850E+01	9.410E+01
2.857E+01	9.342E+01
2.865E+01	9.274E+01
2.872E+01	9.205E+01
2.880E+01	9.138E+01
2.887E+01	9.070E+01
2.895E+01	9.002E+01
2.902E+01	8.935E+01
2.910E+01	8.868E+01
2.917E+01	8.801E+01
2.925E+01	8.734E+01
2.932E+01	8.667E+01
2.940E+01	8.601E+01
2.947E+01	8.535E+01
2.955E+01	8.469E+01
2.962E+01	8.403E+01
2.970E+01	8.338E+01
2.977E+01	8.273E+01
2.985E+01	8.208E+01
2.992E+01	8.143E+01
3.000E+01	8.078E+01
